# Format <LP ID> <Group ID> <Router ID> <Busy time per router port(s)>
# Router ports in the order: 10 local channels, 5 global channels 
10 0 0  0.000000 0.000000 127810.891685 57845.087322 0.000000 0.000000 0.000000 193306.703119 0.000000 0.000000 0.000000 0.000000 0.000000 0.000000 0.000000
21 0 1  0.000000 0.000000 32925.263866 125952.622830 237002.221362 0.000000 0.000000 0.000000 185541.766011 0.000000 517700.181363 0.000000 0.000000 0.000000 0.000000
32 0 2  116023.096757 0.000000 0.000000 334882.872763 117150.735410 159365.535355 0.000000 0.000000 0.000000 84395.876670 0.000000 0.000000 0.000000 0.000000 0.000000
43 0 3  187860.335028 384113.324510 0.000000 0.000000 0.000000 268319.945505 161907.539488 0.000000 0.000000 0.000000 3783996.517285 0.000000 0.000000 0.000000 0.000000
54 0 4  0.000000 196227.863442 110202.402375 303615.706735 0.000000 0.000000 103647.531066 304773.953661 0.000000 0.000000 0.000000 0.000000 0.000000 0.000000 0.000000
65 0 5  0.000000 0.000000 326208.319023 873408.851520 7959.833797 0.000000 0.000000 895280.859984 202880.031143 0.000000 0.000000 0.000000 0.000000 0.000000 0.000000
76 0 6  0.000000 0.000000 0.000000 481736.938571 321382.227478 0.000000 0.000000 16588.253197 548995.361457 209310.229411 0.000000 0.000000 0.000000 0.000000 0.000000
87 0 7  0.000000 91892.190029 0.000000 2050425.500434 267599.077234 97107.900468 0.000000 0.000000 0.000000 247618.816761 0.000000 0.000000 0.000000 0.000000 0.000000
98 0 8  0.000000 192091.092894 0.000000 1122335.536842 0.000000 136945.797077 441291.993019 19478.454184 0.000000 24947.564431 0.000000 0.000000 0.000000 0.000000 0.000000
109 0 9  0.000000 46143.523150 0.000000 1887799.355705 0.000000 0.000000 224557.155997 99123.118290 41563.125416 0.000000 0.000000 0.000000 0.000000 0.000000 0.000000
120 1 0  0.000000 116145.489921 129296.612524 211947.961759 0.000000 0.000000 0.000000 119868.568007 0.000000 0.000000 0.000000 0.000000 0.000000 0.000000 0.000000
131 1 1  258472.525738 0.000000 0.000000 113355.143474 356768.522623 0.000000 0.000000 0.000000 200214.989367 0.000000 0.000000 0.000000 0.000000 0.000000 0.000000
142 1 2  218879.134813 0.000000 0.000000 299.743964 328852.750528 133960.304721 0.000000 0.000000 0.000000 289791.461738 747449.291957 0.000000 0.000000 0.000000 0.000000
153 1 3  1807088.426782 203097.845504 9618.566208 0.000000 504832.655207 317194.752654 210364.398687 0.000000 0.000000 0.000000 0.000000 0.000000 0.000000 0.000000 0.000000
164 1 4  0.000000 18361.848645 146570.123225 0.000000 0.000000 0.000000 290628.583630 141516.248747 0.000000 0.000000 3693957.588574 0.000000 0.000000 0.000000 0.000000
175 1 5  0.000000 0.000000 138702.819083 458320.307728 423035.790705 0.000000 0.000000 349895.488651 41604.259994 0.000000 0.000000 0.000000 0.000000 0.000000 0.000000
186 1 6  0.000000 0.000000 0.000000 262947.580179 547665.225162 0.000000 0.000000 31407.546054 961213.894958 330024.787915 0.000000 0.000000 0.000000 0.000000 0.000000
197 1 7  0.000000 0.000000 27069.275505 0.000000 455377.584455 320652.574422 0.000000 0.000000 13680.520381 661466.779690 0.000000 0.000000 0.000000 0.000000 0.000000
208 1 8  0.000000 0.000000 91957.753722 0.000000 1366424.504828 156608.421561 79402.957496 6207.868819 0.000000 6374.693282 0.000000 0.000000 0.000000 0.000000 0.000000
219 1 9  0.000000 0.000000 125536.927803 0.000000 447182.945773 0.000000 198706.216815 206173.644216 113734.843823 0.000000 0.000000 0.000000 0.000000 0.000000 0.000000
230 2 0  0.000000 117546.200089 81209.366140 563354.258376 121670.037512 0.000000 0.000000 155011.332067 0.000000 0.000000 0.000000 0.000000 0.000000 0.000000 0.000000
241 2 1  212029.029158 0.000000 36373.884890 223305.130000 183693.491820 1012968.526157 0.000000 0.000000 143103.196829 0.000000 451956.311366 0.000000 0.000000 0.000000 0.000000
252 2 2  123173.587921 109049.846469 0.000000 0.000000 433863.957277 505729.807646 0.000000 0.000000 0.000000 144484.793399 0.000000 0.000000 0.000000 0.000000 0.000000
263 2 3  325849.478044 80899.879019 0.000000 0.000000 0.000000 369525.082834 75276.826381 0.000000 0.000000 0.000000 0.000000 0.000000 0.000000 0.000000 0.000000
274 2 4  0.000000 288950.567871 90253.241711 0.000000 0.000000 362007.545017 171128.970515 207083.109211 0.000000 0.000000 0.000000 0.000000 0.000000 0.000000 0.000000
285 2 5  0.000000 0.000000 102129.584485 262317.477987 0.000000 0.000000 0.000000 652444.871617 38353.990604 0.000000 2194817.240513 0.000000 0.000000 0.000000 0.000000
296 2 6  0.000000 0.000000 0.000000 219181.009805 123538.674687 82578.411072 0.000000 33530.884884 318551.734360 0.000000 0.000000 0.000000 0.000000 0.000000 0.000000
307 2 7  0.000000 0.000000 0.000000 0.000000 199233.044684 293951.469431 197.568955 0.000000 1807.001391 0.000000 0.000000 0.000000 0.000000 0.000000 0.000000
318 2 8  0.000000 0.000000 0.000000 0.000000 0.000000 227024.110970 28209.400372 37201.607872 0.000000 8993.948975 0.000000 0.000000 0.000000 0.000000 0.000000
329 2 9  73853.004391 51209.319008 0.000000 17224.288178 49043.942234 127177.051579 157486.233995 29096.888845 31324.887176 0.000000 0.000000 0.000000 0.000000 0.000000 0.000000
340 3 0  0.000000 23684.576357 127913.942066 12371.460071 0.000000 109354.020699 0.000000 112605.414275 0.000000 0.000000 10011683.576849 0.000000 0.000000 0.000000 0.000000
351 3 1  633616.879855 0.000000 86336.815461 186979.356188 640713.735477 11763.519489 901095.920488 0.000000 146278.028474 0.000000 0.000000 0.000000 0.000000 0.000000 0.000000
362 3 2  457667.687498 16738.153018 0.000000 34705.661784 200752.312082 279504.952327 509499.691614 0.000000 0.000000 152664.361382 87902.297473 0.000000 0.000000 0.000000 0.000000
373 3 3  650392.166489 200150.194961 41961.745163 0.000000 71647.903458 591948.415753 373100.720612 0.000000 0.000000 0.000000 0.000000 0.000000 0.000000 0.000000 0.000000
384 3 4  985702.408567 162693.633492 230100.367123 57271.894848 0.000000 5965.260679 659554.598753 399630.529974 0.000000 0.000000 622380.592162 0.000000 0.000000 0.000000 0.000000
395 3 5  589994.668446 0.000000 212460.291794 55788.036981 3141.815398 0.000000 1761552.928424 282586.812057 215911.441233 0.000000 230957.502644 0.000000 0.000000 0.000000 0.000000
406 3 6  2140337.289713 0.000000 0.000000 96088.465602 202843.110445 0.000000 0.000000 5899.777644 619816.716104 289792.094205 3383647.498627 0.000000 0.000000 0.000000 0.000000
417 3 7  1045085.555128 0.000000 0.000000 0.000000 281527.967509 166800.254995 541476.768854 0.000000 172137.281377 382337.689307 0.000000 0.000000 0.000000 0.000000 0.000000
428 3 8  3205288.497970 0.000000 0.000000 0.000000 131874.261196 198430.284400 224751.079107 188863.402363 0.000000 186104.840234 0.000000 0.000000 0.000000 0.000000 0.000000
439 3 9  0.000000 68384.899517 0.000000 0.000000 299737.533329 0.000000 296442.785495 170797.640978 239890.793623 0.000000 0.000000 0.000000 0.000000 0.000000 0.000000
450 4 0  0.000000 619485.286389 164981.482543 57506.099123 7606.513995 0.000000 192533.515313 109886.245340 7759.866545 0.000000 0.000000 0.000000 0.000000 0.000000 0.000000
461 4 1  61912.124943 0.000000 125382.538869 90899.872557 260410.273532 0.000000 134860.666628 234551.311543 162500.711594 0.000000 9635621.454287 0.000000 0.000000 0.000000 0.000000
472 4 2  58413.557326 759689.887650 0.000000 29745.968973 415767.620734 190880.688380 0.000000 469434.747724 0.000000 404718.522748 0.000000 0.000000 0.000000 0.000000 0.000000
483 4 3  878955.265162 467387.084021 26939.996473 0.000000 5926.945052 669895.216131 256987.491489 613873.705846 0.000000 0.000000 0.000000 0.000000 0.000000 0.000000 0.000000
494 4 4  0.000000 724645.959332 194360.355308 30699.254075 0.000000 41754.064093 402399.719104 614984.256425 0.000000 0.000000 0.000000 0.000000 0.000000 0.000000 0.000000
505 4 5  0.000000 2289819.475933 466844.570032 379908.009426 102109.875652 0.000000 135197.016733 997130.609748 735786.160310 0.000000 0.000000 0.000000 0.000000 0.000000 0.000000
516 4 6  0.000000 1655608.472934 0.000000 271547.764904 102412.181113 32152.976597 0.000000 550978.666062 392236.074451 638361.083719 319851.619464 0.000000 0.000000 0.000000 0.000000
527 4 7  0.000000 774158.212581 0.000000 0.000000 131480.533695 273676.144458 15658.905271 0.000000 0.000000 506846.054793 3924051.599351 0.000000 0.000000 0.000000 0.000000
538 4 8  0.000000 842384.070533 0.000000 0.000000 0.000000 310809.629414 149768.072615 416939.227389 0.000000 103415.634635 0.000000 0.000000 0.000000 0.000000 0.000000
549 4 9  0.000000 0.000000 23321.918862 0.000000 0.000000 225017.213641 229032.318604 371375.640428 146227.855100 0.000000 0.000000 0.000000 0.000000 0.000000 0.000000
560 5 0  0.000000 169099.629646 229947.281349 358832.372170 83518.970653 7955.163849 19539.059651 325871.919011 0.000000 19767.556125 0.000000 0.000000 0.000000 0.000000 0.000000
571 5 1  107942.592357 0.000000 1471256.785338 44782.123559 290763.140796 0.000000 0.000000 14017.666910 451316.407089 0.000000 0.000000 0.000000 0.000000 0.000000 0.000000
582 5 2  126309.388570 127661.607774 0.000000 34635.240055 513512.051568 215926.226571 0.000000 0.000000 806186.321704 224211.054987 6159801.550548 0.000000 0.000000 0.000000 0.000000
593 5 3  431407.235145 61348.408304 365748.478090 0.000000 0.000000 366307.534946 108427.333939 0.000000 3638243.400731 0.000000 0.000000 0.000000 0.000000 0.000000 0.000000
604 5 4  0.000000 468625.642644 451825.821710 12794.745316 0.000000 11614.891384 413931.605075 281472.947104 502632.798735 0.000000 0.000000 0.000000 0.000000 0.000000 0.000000
615 5 5  0.000000 0.000000 322505.815643 89075.152832 328918.963688 0.000000 104091.575677 117673.661969 630143.905064 0.000000 0.000000 0.000000 0.000000 0.000000 0.000000
626 5 6  0.000000 0.000000 77598.330245 234774.777201 59753.330633 127028.584862 0.000000 127979.780198 1190942.757108 0.000000 182126.600241 0.000000 0.000000 0.000000 0.000000
637 5 7  0.000000 0.000000 1089405.951573 0.000000 269339.424440 77393.319446 123628.004167 0.000000 146038.162802 0.000000 409185.452765 0.000000 0.000000 0.000000 0.000000
648 5 8  18750.449169 0.000000 46100.541494 0.000000 30667.971297 30216.880806 18730.263364 26242.976088 0.000000 22578.848508 11157762.184607 0.000000 0.000000 0.000000 0.000000
659 5 9  8773.645503 0.000000 0.000000 84280.882271 29580.627954 68.889082 222742.881585 36428.401267 157176.545671 0.000000 0.000000 0.000000 0.000000 0.000000 0.000000
670 6 0  0.000000 136828.619193 191671.578103 556290.798903 0.000000 69321.392225 0.000000 170896.804630 381817.273172 0.000000 2222.518972 0.000000 0.000000 0.000000 0.000000
681 6 1  39543.485166 0.000000 96166.588489 443353.344419 270417.100853 39783.838442 0.000000 0.000000 176624.945789 272527.713230 0.000000 0.000000 0.000000 0.000000 0.000000
692 6 2  54697.558566 69006.431240 0.000000 545316.898673 414050.333019 453491.345192 0.000000 0.000000 0.000000 344554.662099 0.000000 0.000000 0.000000 0.000000 0.000000
703 6 3  477988.521016 75307.400647 8654.019186 0.000000 5678.463682 283384.283299 220279.554153 0.000000 0.000000 420766.713643 6819744.065029 0.000000 0.000000 0.000000 0.000000
714 6 4  0.000000 386401.792374 114368.082202 904573.688522 0.000000 20048.371681 422182.700904 193671.818936 0.000000 219395.851056 0.000000 0.000000 0.000000 0.000000 0.000000
725 6 5  0.000000 0.000000 281816.102543 281296.798443 8581.396927 0.000000 5830.838067 375616.119866 645509.344109 510991.817634 717101.205766 0.000000 0.000000 0.000000 0.000000
736 6 6  0.000000 0.000000 0.000000 555541.183615 159274.078266 19059.291206 0.000000 16472.334553 495482.215414 799326.840867 0.000000 0.000000 0.000000 0.000000 0.000000
747 6 7  0.000000 0.000000 0.000000 884940.777147 244581.492849 100837.382433 152193.830189 0.000000 196986.329555 638869.697198 0.000000 0.000000 0.000000 0.000000 0.000000
758 6 8  0.000000 0.000000 0.000000 260007.920897 0.000000 325008.911128 95520.852270 355594.853856 0.000000 372981.132182 560668.505080 0.000000 0.000000 0.000000 0.000000
769 6 9  116757.895637 0.000000 32487.450469 0.000000 6193.123861 0.000000 80795.054184 179101.242824 68493.089347 0.000000 5847190.341704 0.000000 0.000000 0.000000 0.000000
780 7 0  0.000000 193022.052739 154065.956253 172726.021519 160528.839657 0.000000 192218.992157 0.000000 34593.997333 237651.979903 0.000000 13121935.773044 0.000000 0.000000 0.000000
791 7 1  223772.857385 0.000000 0.000000 215949.774072 336616.482000 0.000000 83453.428844 0.000000 194617.532075 46911.994033 13492.881288 0.000000 0.000000 0.000000 0.000000
802 7 2  452594.575601 0.000000 0.000000 39247.890608 467040.388223 293430.371324 0.000000 0.000000 0.000000 175452.671834 0.000000 0.000000 0.000000 0.000000 0.000000
813 7 3  715528.056512 456344.918555 84413.074959 0.000000 557195.886082 590405.818046 597636.828902 0.000000 0.000000 0.000000 0.000000 0.000000 0.000000 0.000000 0.000000
824 7 4  1196307.038223 632725.409408 85074.417890 8500.223133 0.000000 42775.266685 413233.791820 216225.025221 0.000000 0.000000 7563529.951882 0.000000 0.000000 0.000000 0.000000
835 7 5  2329212.893921 0.000000 391952.460904 82855.206972 913797.868096 0.000000 5745.294254 308167.693993 185205.799702 0.000000 0.000000 0.000000 0.000000 0.000000 0.000000
846 7 6  590302.536015 0.000000 0.000000 352180.677988 134339.802558 8464.725772 0.000000 11631.504357 326851.093827 355973.551953 700229.818527 0.000000 0.000000 0.000000 0.000000
857 7 7  956280.574557 0.000000 0.000000 0.000000 593342.441560 80137.228845 15127.266349 0.000000 136133.606825 460091.092096 0.000000 0.000000 0.000000 0.000000 0.000000
868 7 8  287441.523976 0.000000 0.000000 0.000000 230492.318019 179857.758218 43464.837105 229038.796954 0.000000 233201.553506 505229.136469 0.000000 0.000000 0.000000 0.000000
879 7 9  598018.650843 0.000000 0.000000 0.000000 0.000000 205829.799782 241336.825563 70377.156017 325339.291613 0.000000 552629.831088 0.000000 0.000000 0.000000 0.000000
890 8 0  0.000000 127786.406357 95300.291391 849194.800072 0.000000 268157.077538 0.000000 222932.815942 0.000000 0.000000 0.000000 446565.938125 0.000000 0.000000 0.000000
901 8 1  354608.398238 0.000000 40963.482031 447194.531407 249269.918175 643855.292193 0.000000 124554.388788 0.000000 0.000000 0.000000 8664167.906473 0.000000 0.000000 0.000000
912 8 2  92933.907825 806793.442480 0.000000 81333.620760 245752.030125 1026954.892385 0.000000 0.000000 0.000000 143584.378649 0.000000 0.000000 0.000000 0.000000 0.000000
923 8 3  386721.233646 665034.378232 30818.181656 0.000000 0.000000 1017995.599808 711757.729882 0.000000 0.000000 0.000000 0.000000 0.000000 0.000000 0.000000 0.000000
934 8 4  0.000000 434452.809876 218900.612143 0.000000 0.000000 857988.581169 0.000000 0.000000 0.000000 0.000000 0.000000 0.000000 0.000000 0.000000 0.000000
945 8 5  0.000000 343592.771418 424121.033254 136904.835702 91619.232832 0.000000 117069.502230 0.000000 0.000000 0.000000 8269959.190447 0.000000 0.000000 0.000000 0.000000
956 8 6  0.000000 221442.795574 0.000000 421888.346914 0.000000 417116.079097 0.000000 29110.323109 106451.646996 207636.394458 0.000000 0.000000 0.000000 0.000000 0.000000
967 8 7  0.000000 163308.207477 0.000000 0.000000 176030.470624 555559.850723 16256.765185 0.000000 39356.940750 141164.792428 2453363.698721 0.000000 0.000000 0.000000 0.000000
978 8 8  0.000000 161836.905121 0.000000 0.000000 0.000000 154587.505022 169183.767873 96966.661228 0.000000 30228.105947 0.000000 0.000000 0.000000 0.000000 0.000000
989 8 9  0.000000 403053.477767 0.000000 0.000000 0.000000 0.000000 189570.663251 71683.494009 235967.032147 0.000000 381983.173497 0.000000 0.000000 0.000000 0.000000
1000 9 0  0.000000 298330.764658 189299.832606 623935.722952 0.000000 0.000000 723416.182260 222744.995512 358878.310072 0.000000 0.000000 1532323.112488 0.000000 0.000000 0.000000
1011 9 1  295775.794288 0.000000 288522.149072 157549.881403 372204.105593 0.000000 1759218.641107 0.000000 326154.301555 0.000000 0.000000 179798.196603 0.000000 0.000000 0.000000
1022 9 2  174455.471471 37078.910458 0.000000 13416.137398 529461.710502 422908.301464 1193011.371499 0.000000 0.000000 0.000000 0.000000 11170427.688364 0.000000 0.000000 0.000000
1033 9 3  293211.816717 160797.719194 773961.787714 0.000000 22213.441480 151894.605851 786583.568178 0.000000 0.000000 0.000000 0.000000 0.000000 0.000000 0.000000 0.000000
1044 9 4  0.000000 232208.040722 535951.451131 18936.277308 0.000000 115830.099488 789676.960657 194019.698675 0.000000 0.000000 0.000000 0.000000 0.000000 0.000000 0.000000
1055 9 5  0.000000 0.000000 343562.147405 242776.845153 59961.590397 0.000000 1008093.316470 376425.177233 541674.186253 0.000000 0.000000 0.000000 0.000000 0.000000 0.000000
1066 9 6  0.000000 0.000000 320366.391298 341948.061389 118556.787769 0.000000 0.000000 9930.420876 760255.147187 317624.265120 7926282.560638 0.000000 0.000000 0.000000 0.000000
1077 9 7  19887.178111 0.000000 534285.507983 0.000000 356816.382340 19038.304659 899107.463077 0.000000 38470.381716 307031.602439 0.000000 0.000000 0.000000 0.000000 0.000000
1088 9 8  187141.095146 16295.249122 317716.306573 0.000000 0.000000 270924.688400 316025.593365 176806.269640 0.000000 219137.373576 2744960.208319 0.000000 0.000000 0.000000 0.000000
1099 9 9  304166.322452 23370.121168 462703.556358 0.000000 0.000000 0.000000 109972.161890 151854.476868 166839.688138 0.000000 0.000000 0.000000 0.000000 0.000000 0.000000
1110 10 0  0.000000 154803.243989 389791.009523 572787.807154 11653.205280 8447.002545 0.000000 871615.022992 0.000000 173405.460334 0.000000 0.000000 0.000000 0.000000 0.000000
1121 10 1  180039.210553 0.000000 259695.222314 548682.874212 260692.625542 0.000000 0.000000 979147.199577 405459.691429 183984.624006 0.000000 907799.851125 0.000000 0.000000 0.000000
1132 10 2  93970.418339 201829.456771 0.000000 387124.837292 345121.109746 378092.057230 0.000000 1127797.550131 0.000000 218726.299596 0.000000 77244.826892 0.000000 0.000000 0.000000
1143 10 3  181871.980139 99855.873091 158933.618570 0.000000 18907.386830 713654.913681 261461.145642 1044835.315167 0.000000 0.000000 0.000000 5191839.607924 0.000000 0.000000 0.000000
1154 10 4  0.000000 463950.841498 120341.654168 754644.049475 0.000000 61090.657728 371240.290226 923904.267035 0.000000 0.000000 0.000000 0.000000 0.000000 0.000000 0.000000
1165 10 5  0.000000 0.000000 351784.688056 633012.640367 97357.483720 0.000000 6061.455663 818433.724750 205235.734081 0.000000 0.000000 0.000000 0.000000 0.000000 0.000000
1176 10 6  0.000000 0.000000 0.000000 511867.481684 356407.248740 39702.928335 0.000000 728535.353673 335087.334960 544259.068761 0.000000 0.000000 0.000000 0.000000 0.000000
1187 10 7  0.000000 37096.023529 0.000000 349119.566312 331701.752872 60701.759192 8514.853867 0.000000 0.000000 421540.525605 9817559.646281 0.000000 0.000000 0.000000 0.000000
1198 10 8  0.000000 271462.816583 0.000000 50740.944834 0.000000 292373.273863 31745.542598 535193.033952 0.000000 205490.448621 0.000000 0.000000 0.000000 0.000000 0.000000
1209 10 9  0.000000 232240.566234 0.000000 492864.912777 0.000000 0.000000 218874.441835 35383.429455 282762.623624 0.000000 785697.950272 0.000000 0.000000 0.000000 0.000000
1220 11 0  0.000000 78003.112100 335405.316878 427147.017326 8121.762056 11802.884990 0.000000 174738.200744 532735.207650 8001.843266 0.000000 129772.947458 0.000000 0.000000 0.000000
1231 11 1  383958.568227 0.000000 120398.542356 362530.766256 489740.741700 0.000000 0.000000 0.000000 897597.764372 0.000000 0.000000 0.000000 0.000000 0.000000 0.000000
1242 11 2  206551.156680 156962.393169 0.000000 160199.963699 641888.422973 162175.429134 0.000000 0.000000 498217.251886 547913.189429 0.000000 1027257.513548 0.000000 0.000000 0.000000
1253 11 3  1362432.852596 42800.583795 94104.542116 0.000000 907358.834752 0.000000 0.000000 0.000000 598713.416193 0.000000 0.000000 74854.846106 0.000000 0.000000 0.000000
1264 11 4  0.000000 19301.164101 118294.945953 88164.111797 0.000000 68237.498715 0.000000 0.000000 192085.646636 0.000000 0.000000 4128559.869689 0.000000 0.000000 0.000000
1275 11 5  0.000000 0.000000 232831.223616 0.000000 185290.287076 0.000000 90308.691895 191515.348232 225236.673521 0.000000 0.000000 0.000000 0.000000 0.000000 0.000000
1286 11 6  0.000000 0.000000 0.000000 180480.050855 526389.128859 30632.836929 0.000000 45367.975391 390993.775236 189614.562948 0.000000 0.000000 0.000000 0.000000 0.000000
1297 11 7  0.000000 0.000000 87307.457604 0.000000 320190.892701 57800.575134 119288.476920 0.000000 402061.430197 279333.018042 0.000000 0.000000 0.000000 0.000000 0.000000
1308 11 8  0.000000 0.000000 313243.691570 0.000000 358986.140781 266800.420468 111567.189616 204762.651459 0.000000 283773.640702 7416008.199445 0.000000 0.000000 0.000000 0.000000
1319 11 9  0.000000 0.000000 320489.956774 0.000000 191258.316466 0.000000 423370.459081 86073.869507 229248.703581 0.000000 0.000000 0.000000 0.000000 0.000000 0.000000
1330 12 0  0.000000 94582.160474 204489.381657 714100.629539 320421.092595 0.000000 0.000000 369594.323140 0.000000 1351768.308657 0.000000 0.000000 0.000000 0.000000 0.000000
1341 12 1  107513.712798 0.000000 155685.504196 33412.980485 68823.534993 270129.427384 0.000000 0.000000 120899.491851 387898.529934 0.000000 433748.405485 0.000000 0.000000 0.000000
1352 12 2  168090.480681 155690.902203 0.000000 87335.467056 715789.860855 652779.622528 0.000000 0.000000 0.000000 1512741.293573 0.000000 0.000000 0.000000 0.000000 0.000000
1363 12 3  512055.439756 219401.446149 20273.467492 0.000000 17979.159374 306598.742859 315160.468264 0.000000 0.000000 1417138.101545 0.000000 696899.622247 0.000000 0.000000 0.000000
1374 12 4  0.000000 226703.051920 80572.303279 18851.385697 0.000000 207878.269708 397184.196862 409720.201218 0.000000 1795469.694860 0.000000 392481.467447 0.000000 0.000000 0.000000
1385 12 5  0.000000 0.000000 71644.889515 199614.411429 27510.600790 0.000000 15298.765735 500983.865752 482060.304533 422239.018505 0.000000 3436887.990856 0.000000 0.000000 0.000000
1396 12 6  0.000000 0.000000 0.000000 256247.638260 91651.208389 458159.774423 0.000000 116810.274033 319185.418046 1071399.627273 0.000000 0.000000 0.000000 0.000000 0.000000
1407 12 7  0.000000 0.000000 0.000000 109253.915509 366067.869906 545121.145852 74231.935798 0.000000 94818.621094 976906.586196 0.000000 0.000000 0.000000 0.000000 0.000000
1418 12 8  0.000000 0.000000 0.000000 226813.185778 0.000000 402594.077098 267868.812131 186112.907039 0.000000 208989.868635 0.000000 0.000000 0.000000 0.000000 0.000000
1429 12 9  222608.900574 0.000000 0.000000 185694.035681 108618.994985 252574.352843 402261.679706 98414.696180 150849.846304 0.000000 13585267.966666 0.000000 0.000000 0.000000 0.000000
1440 13 0  0.000000 64454.017899 268442.624862 320346.926925 0.000000 258016.517087 0.000000 178110.317436 0.000000 0.000000 0.000000 9980773.015703 0.000000 0.000000 0.000000
1451 13 1  334825.469533 0.000000 82495.458787 197614.302619 12180.180182 75903.206966 194066.199139 0.000000 305436.653584 0.000000 0.000000 0.000000 0.000000 0.000000 0.000000
1462 13 2  806570.336062 0.000000 0.000000 11554.700662 190730.000841 243697.359252 177931.594414 0.000000 0.000000 153597.765382 0.000000 153935.584800 0.000000 0.000000 0.000000
1473 13 3  571921.091509 225341.786568 28933.534091 0.000000 10393.480412 1135325.181977 578285.366707 0.000000 0.000000 0.000000 0.000000 0.000000 0.000000 0.000000 0.000000
1484 13 4  1835367.317129 162583.416309 254630.809987 19056.174804 0.000000 46862.564035 649663.840937 404623.480683 0.000000 0.000000 0.000000 627799.975349 0.000000 0.000000 0.000000
1495 13 5  583621.007226 0.000000 236302.800046 106351.684394 19177.335064 0.000000 670096.303248 519495.672381 293808.866429 0.000000 0.000000 340204.321463 0.000000 0.000000 0.000000
1506 13 6  1383317.661117 0.000000 0.000000 58004.235507 317863.269205 8564.608632 0.000000 20005.142003 134784.395580 302683.981625 0.000000 6552769.979093 0.000000 0.000000 0.000000
1517 13 7  239655.622148 0.000000 0.000000 0.000000 231905.976153 132291.016851 708710.993307 0.000000 172401.526304 266660.965523 7317.408107 0.000000 0.000000 0.000000 0.000000
1528 13 8  486887.155991 0.000000 0.000000 0.000000 285424.031996 240798.966484 312030.184782 268268.241296 0.000000 294247.715566 0.000000 0.000000 0.000000 0.000000 0.000000
1539 13 9  0.000000 73049.807183 0.000000 0.000000 206189.126460 0.000000 434775.214972 131708.708170 229899.734828 0.000000 0.000000 0.000000 0.000000 0.000000 0.000000
1550 14 0  0.000000 781691.262608 139698.539795 428808.154996 0.000000 0.000000 85705.808017 163958.831993 0.000000 0.000000 0.000000 0.000000 0.000000 0.000000 0.000000
1561 14 1  28303.489914 0.000000 49878.139993 616157.059993 42857.852552 0.000000 37987.017782 69157.682698 116299.834527 8196.999714 0.000000 11320912.451083 0.000000 0.000000 0.000000
1572 14 2  92074.598570 514278.513104 0.000000 150784.866874 0.000000 0.000000 0.000000 607957.726191 0.000000 465123.854557 0.000000 0.000000 0.000000 0.000000 0.000000
1583 14 3  887910.915417 616284.971556 51413.978052 0.000000 0.000000 0.000000 0.000000 1246073.766953 0.000000 0.000000 0.000000 89604.944838 0.000000 0.000000 0.000000
1594 14 4  0.000000 472271.775265 0.000000 0.000000 0.000000 92088.879098 274790.824530 327465.841042 0.000000 0.000000 0.000000 0.000000 0.000000 0.000000 0.000000
1605 14 5  0.000000 864520.092115 202874.242705 0.000000 108508.862869 0.000000 214369.005308 394784.278514 182959.287914 0.000000 0.000000 82487.679636 0.000000 0.000000 0.000000
1616 14 6  0.000000 1600482.834130 0.000000 211044.854929 138731.909752 51726.560896 0.000000 430351.972440 528526.705892 448399.010402 0.000000 302456.941983 0.000000 0.000000 0.000000
1627 14 7  0.000000 994062.178479 0.000000 0.000000 67870.796557 234164.124654 33597.859513 0.000000 72858.646149 420935.012094 0.000000 5928028.772406 0.000000 0.000000 0.000000
1638 14 8  0.000000 658436.302862 0.000000 0.000000 0.000000 306278.922666 132620.290374 253817.121109 0.000000 233735.920574 0.000000 0.000000 0.000000 0.000000 0.000000
1649 14 9  0.000000 0.000000 127587.790017 0.000000 0.000000 246674.052231 310077.654916 266753.073332 262229.459142 0.000000 0.000000 0.000000 0.000000 0.000000 0.000000
1660 15 0  0.000000 90379.962893 325000.292098 210737.177839 204347.956838 0.000000 34523.125029 319846.710202 0.000000 0.000000 0.000000 0.000000 0.000000 0.000000 0.000000
1671 15 1  80954.179013 0.000000 240126.085841 170581.559658 296153.734296 0.000000 0.000000 143712.176071 348801.257790 0.000000 0.000000 0.000000 0.000000 0.000000 0.000000
1682 15 2  39665.013518 65770.016841 0.000000 24271.161939 450639.986302 243728.283665 0.000000 0.000000 488983.143830 162130.495672 0.000000 7286613.615890 0.000000 0.000000 0.000000
1693 15 3  351605.060477 55379.463615 165246.602397 0.000000 6096.303652 342536.020756 154612.867034 0.000000 439375.837679 0.000000 0.000000 0.000000 0.000000 0.000000 0.000000
1704 15 4  0.000000 715151.841806 577995.275794 8517.047068 0.000000 59.877374 465212.280894 894910.147926 522631.912925 0.000000 0.000000 81513.277759 0.000000 0.000000 0.000000
1715 15 5  0.000000 0.000000 737779.415947 323515.814183 10944.712245 0.000000 0.000000 500035.337636 479305.799808 0.000000 0.000000 0.000000 0.000000 0.000000 0.000000
1726 15 6  0.000000 0.000000 1618889.144586 255221.251428 231670.853371 0.000000 0.000000 6018.989181 834713.122189 1028138.333558 0.000000 0.000000 0.000000 0.000000 0.000000
1737 15 7  0.000000 0.000000 357429.498063 0.000000 210009.535048 29406.342549 89151.287824 0.000000 869005.288085 392723.591486 0.000000 184530.787144 0.000000 0.000000 0.000000
1748 15 8  0.000000 0.000000 825559.245336 0.000000 0.000000 211618.530683 234836.329675 221457.801843 0.000000 135071.684839 0.000000 6937953.393195 0.000000 0.000000 0.000000
1759 15 9  0.000000 0.000000 0.000000 13773.907927 0.000000 0.000000 294882.377596 293374.874050 663297.820609 0.000000 0.000000 0.000000 0.000000 0.000000 0.000000
1770 16 0  0.000000 209185.975510 258009.716712 408095.248814 8940.582532 112574.350303 8243.626498 168994.635428 308427.808704 0.000000 0.000000 0.000000 0.000000 0.000000 0.000000
1781 16 1  112267.721509 0.000000 126205.543422 374093.786589 161538.560962 32445.776135 0.000000 0.000000 214065.552892 193825.089109 0.000000 0.000000 0.000000 0.000000 0.000000
1792 16 2  63864.325715 57368.893098 0.000000 293160.181735 289533.995144 305775.020418 0.000000 0.000000 0.000000 521528.249118 0.000000 0.000000 0.000000 0.000000 0.000000
1803 16 3  526813.503469 113751.785041 8468.222076 0.000000 40263.964352 607527.645906 400255.441895 0.000000 0.000000 607779.493674 0.000000 5410713.234377 0.000000 0.000000 0.000000
1814 16 4  0.000000 370342.809420 68272.667015 351253.043627 0.000000 5852.440195 388028.816824 124801.628347 0.000000 510494.539754 0.000000 0.000000 0.000000 0.000000 0.000000
1825 16 5  0.000000 0.000000 245267.755164 378883.611355 37232.253451 0.000000 11649.263757 396361.246293 638228.002589 379798.953628 0.000000 1208067.853020 0.000000 0.000000 0.000000
1836 16 6  0.000000 0.000000 0.000000 545727.121953 192548.280073 10312.047982 0.000000 39475.334562 543765.380940 582288.842680 0.000000 0.000000 0.000000 0.000000 0.000000
1847 16 7  0.000000 0.000000 0.000000 1305088.077948 196092.290599 165932.044662 78142.416583 0.000000 0.000000 716891.529449 0.000000 0.000000 0.000000 0.000000 0.000000
1858 16 8  0.000000 0.000000 0.000000 1048183.461070 0.000000 191987.005882 44445.294769 304062.547634 0.000000 264833.194139 0.000000 355691.025920 0.000000 0.000000 0.000000
1869 16 9  0.000000 0.000000 0.000000 9801.329936 32485.204214 0.000000 170339.429862 351654.864840 114100.189213 0.000000 0.000000 7682504.603816 0.000000 0.000000 0.000000
1880 17 0  0.000000 23791.512229 12251.598806 31627.937116 733022.074957 0.000000 70252.027907 8264.732725 65872.436720 120790.498117 0.000000 0.000000 6277358.254800 0.000000 0.000000
1891 17 1  39508.264616 0.000000 10521.991064 0.000000 640722.475613 0.000000 116294.172866 0.000000 170033.433041 105002.865955 0.000000 0.000000 0.000000 0.000000 0.000000
1902 17 2  236695.864949 66092.063685 0.000000 73214.225260 502620.750791 100396.477617 141584.673077 0.000000 0.000000 128092.826080 0.000000 0.000000 0.000000 0.000000 0.000000
1913 17 3  262875.775529 0.000000 110436.730887 0.000000 953388.854176 328198.798171 81089.107054 0.000000 0.000000 0.000000 0.000000 0.000000 0.000000 0.000000 0.000000
1924 17 4  1336852.061519 259097.070988 0.000000 118769.048180 0.000000 137767.078455 407324.325864 37186.955811 0.000000 0.000000 0.000000 8705842.771407 0.000000 0.000000 0.000000
1935 17 5  751822.799169 0.000000 433808.893179 56011.496172 290010.347626 0.000000 11783.183191 489777.376572 379495.542210 0.000000 0.000000 0.000000 0.000000 0.000000 0.000000
1946 17 6  373311.381560 0.000000 0.000000 289066.104066 479219.637580 8396.632413 0.000000 195816.296288 290300.183041 315315.646295 0.000000 1913023.410289 0.000000 0.000000 0.000000
1957 17 7  770211.952710 0.000000 0.000000 0.000000 572972.594328 80164.237573 52427.051773 0.000000 232598.468368 348497.280958 0.000000 0.000000 0.000000 0.000000 0.000000
1968 17 8  743061.174859 0.000000 0.000000 0.000000 605876.841095 186711.850377 90326.776431 168551.498019 0.000000 430049.273425 0.000000 639287.856444 0.000000 0.000000 0.000000
1979 17 9  390326.595297 0.000000 0.000000 0.000000 0.000000 42209.253196 166018.734957 76748.871833 213207.402012 0.000000 0.000000 157410.003506 0.000000 0.000000 0.000000
1990 18 0  0.000000 124653.469023 187282.301142 553887.507567 0.000000 134651.786320 0.000000 290801.028432 0.000000 0.000000 0.000000 0.000000 436881.686299 0.000000 0.000000
2001 18 1  146750.340300 0.000000 79778.809790 272329.449143 557870.996094 36410.783240 0.000000 61884.594795 0.000000 0.000000 0.000000 0.000000 10204003.959178 0.000000 0.000000
2012 18 2  126660.223333 689179.914293 0.000000 22825.008294 531245.302078 805242.538883 0.000000 0.000000 0.000000 134750.769163 0.000000 0.000000 0.000000 0.000000 0.000000
2023 18 3  307664.640374 537921.037612 106010.801980 0.000000 186547.693289 466202.461932 548087.595890 0.000000 0.000000 0.000000 0.000000 0.000000 0.000000 0.000000 0.000000
2034 18 4  0.000000 499696.131951 459303.766562 34509.268253 0.000000 556442.415830 351266.853199 630321.079837 0.000000 0.000000 0.000000 0.000000 0.000000 0.000000 0.000000
2045 18 5  0.000000 586013.985653 278184.934545 74841.353663 14420.195688 0.000000 19558.459853 454176.783887 481061.026225 0.000000 0.000000 7072069.918472 0.000000 0.000000 0.000000
2056 18 6  0.000000 691968.496438 0.000000 453586.564059 76747.977687 357897.908638 0.000000 325.903774 266571.334886 332090.894052 0.000000 0.000000 0.000000 0.000000 0.000000
2067 18 7  0.000000 481625.533391 0.000000 0.000000 190897.801108 295870.161092 20172.490945 0.000000 28141.386441 617279.969590 0.000000 1017367.336699 0.000000 0.000000 0.000000
2078 18 8  0.000000 266967.819881 0.000000 0.000000 0.000000 418489.639470 45262.025469 273679.102512 0.000000 122698.830933 0.000000 0.000000 0.000000 0.000000 0.000000
2089 18 9  109694.112435 272756.263876 0.000000 65262.588498 23174.774358 0.000000 201739.519116 71694.713244 77603.667865 0.000000 0.000000 57428.384793 0.000000 0.000000 0.000000
2100 19 0  0.000000 241821.655523 119397.601623 579055.516139 0.000000 0.000000 1534304.401291 265683.651533 118891.557170 0.000000 0.000000 0.000000 505271.157868 0.000000 0.000000
2111 19 1  48347.005097 0.000000 180630.885378 238760.373908 283921.639887 0.000000 149973.308184 0.000000 303670.852488 0.000000 0.000000 0.000000 271745.898327 0.000000 0.000000
2122 19 2  402669.830171 0.000000 0.000000 11206.216804 352937.838168 409278.496718 522195.468774 0.000000 0.000000 0.000000 0.000000 0.000000 8687105.768499 0.000000 0.000000
2133 19 3  176562.465908 223676.694410 575774.446148 0.000000 115437.865903 196482.076339 904655.047770 0.000000 0.000000 0.000000 0.000000 0.000000 0.000000 0.000000 0.000000
2144 19 4  0.000000 306185.600950 303953.343854 29740.736566 0.000000 44091.329309 618520.663228 712924.634210 0.000000 0.000000 0.000000 0.000000 0.000000 0.000000 0.000000
2155 19 5  0.000000 0.000000 786121.646491 283775.898149 32653.707739 0.000000 821946.178366 341478.664247 791699.594718 0.000000 0.000000 0.000000 0.000000 0.000000 0.000000
2166 19 6  0.000000 0.000000 159940.343466 360260.406655 82594.076355 17984.959628 0.000000 30741.313920 494361.492935 381187.479129 0.000000 7215588.057054 0.000000 0.000000 0.000000
2177 19 7  66232.281653 0.000000 539123.963718 0.000000 419287.885550 77621.804115 340854.378195 0.000000 61902.906757 438631.308473 0.000000 0.000000 0.000000 0.000000 0.000000
2188 19 8  214280.338086 0.000000 616927.983174 0.000000 0.000000 386726.346518 265884.266479 289677.930145 0.000000 278851.242467 0.000000 1864026.028800 0.000000 0.000000 0.000000
2199 19 9  10498.210383 0.000000 440366.953450 0.000000 0.000000 0.000000 196700.642287 66380.099485 139583.550220 0.000000 0.000000 0.000000 0.000000 0.000000 0.000000
2210 20 0  0.000000 27076.054430 44132.756383 15638.043416 31636.869047 308.800569 11703.320459 253381.228025 15573.792013 56484.047903 0.000000 0.000000 0.000000 0.000000 0.000000
2221 20 1  35326.456968 0.000000 36566.925023 1461745.532094 309143.747144 0.000000 0.000000 1429880.355076 407768.813687 103476.938755 0.000000 0.000000 1251044.022503 0.000000 0.000000
2232 20 2  0.000000 197699.999353 0.000000 229550.546798 157508.694061 153231.517654 0.000000 769985.096670 0.000000 153851.318220 0.000000 0.000000 135974.191312 0.000000 0.000000
2243 20 3  0.000000 0.000000 48921.715145 0.000000 0.000000 252970.648906 22262.984712 613052.171592 0.000000 0.000000 0.000000 0.000000 11822351.866569 0.000000 0.000000
2254 20 4  0.000000 251915.917330 81035.118442 423248.346079 0.000000 17680.414675 520286.447698 714030.309122 0.000000 0.000000 0.000000 0.000000 0.000000 0.000000 0.000000
2265 20 5  0.000000 0.000000 326185.474602 422677.370762 10912.205685 0.000000 18067.653387 890206.993631 393682.166175 0.000000 0.000000 0.000000 0.000000 0.000000 0.000000
2276 20 6  0.000000 0.000000 0.000000 442578.010531 255395.863317 26758.075669 0.000000 2489444.025011 534627.328813 484494.077527 0.000000 0.000000 0.000000 0.000000 0.000000
2287 20 7  0.000000 100370.252665 0.000000 472072.282143 262894.588265 405391.153167 26769.930002 0.000000 22954.600129 729349.915942 0.000000 7975075.043539 0.000000 0.000000 0.000000
2298 20 8  0.000000 204709.990540 0.000000 316867.944247 0.000000 592613.003035 283372.092055 634599.247988 0.000000 188236.497563 0.000000 0.000000 0.000000 0.000000 0.000000
2309 20 9  0.000000 407423.784424 0.000000 977191.818253 0.000000 0.000000 241331.098929 65670.512801 252937.978765 0.000000 0.000000 0.000000 0.000000 0.000000 0.000000
2320 21 0  0.000000 137433.351630 131827.404279 108759.002934 0.000000 0.000000 0.000000 170022.866136 458930.684213 0.000000 0.000000 0.000000 459788.550815 0.000000 0.000000
2331 21 1  449166.554831 0.000000 216185.837249 545534.032492 406759.138122 0.000000 0.000000 0.000000 636274.254793 0.000000 0.000000 0.000000 0.000000 0.000000 0.000000
2342 21 2  203345.047030 106891.499794 0.000000 46002.685849 448008.783609 422317.658578 0.000000 0.000000 1604487.946738 513146.994781 0.000000 0.000000 1076429.066692 0.000000 0.000000
2353 21 3  1251082.556960 56485.907863 9990.920201 0.000000 487306.454197 379695.649854 347078.347612 0.000000 1355893.495917 0.000000 0.000000 0.000000 0.000000 0.000000 0.000000
2364 21 4  0.000000 20603.631947 127899.632690 19471.363259 0.000000 20210.755464 289545.903080 299098.489424 392425.681496 0.000000 0.000000 0.000000 4352911.443278 0.000000 0.000000
2375 21 5  0.000000 0.000000 211093.974647 96106.452143 500014.797466 0.000000 0.000000 264702.772917 704365.521697 0.000000 0.000000 0.000000 0.000000 0.000000 0.000000
2386 21 6  0.000000 0.000000 0.000000 349488.407245 495640.923792 0.000000 0.000000 57041.961029 870485.737092 238271.556663 0.000000 0.000000 0.000000 0.000000 0.000000
2397 21 7  0.000000 0.000000 56099.706246 0.000000 497745.189695 216680.855938 45683.467072 0.000000 1420937.469224 599382.397569 0.000000 0.000000 0.000000 0.000000 0.000000
2408 21 8  0.000000 0.000000 77250.855834 0.000000 255084.811913 482833.639996 68010.459860 175791.252593 0.000000 367474.797843 0.000000 11050231.404715 0.000000 0.000000 0.000000
2419 21 9  0.000000 0.000000 104273.072200 0.000000 334420.260253 0.000000 465801.894873 27704.258065 290376.240477 0.000000 0.000000 0.000000 0.000000 0.000000 0.000000
2430 22 0  0.000000 109674.197533 211133.516781 220768.375341 279490.551131 0.000000 8337.454251 346222.340637 8321.688371 383648.694533 0.000000 0.000000 0.000000 0.000000 0.000000
2441 22 1  384619.590846 0.000000 60494.176485 7220.770095 272898.977926 269712.194173 0.000000 0.000000 195022.400555 288750.114298 0.000000 0.000000 137560.749754 0.000000 0.000000
2452 22 2  117853.901552 163346.627273 0.000000 65034.458407 725544.661212 526722.040436 0.000000 0.000000 0.000000 432816.953618 0.000000 0.000000 0.000000 0.000000 0.000000
2463 22 3  580761.308503 490487.011302 85907.223930 0.000000 61285.729828 658505.081018 287840.539292 0.000000 0.000000 2023742.834480 0.000000 0.000000 0.000000 0.000000 0.000000
2474 22 4  0.000000 229625.681944 55878.851993 62565.590445 0.000000 460447.490691 327518.851974 250146.682717 0.000000 1517866.349853 0.000000 0.000000 0.000000 0.000000 0.000000
2485 22 5  0.000000 0.000000 35911.360063 41219.093803 23177.070960 0.000000 29072.681390 490704.856946 207376.473837 1018962.547391 0.000000 0.000000 5565830.804534 0.000000 0.000000
2496 22 6  0.000000 0.000000 0.000000 211159.923576 114803.067146 612054.648084 0.000000 21786.372970 287822.616664 1135089.873257 0.000000 0.000000 0.000000 0.000000 0.000000
2507 22 7  0.000000 0.000000 0.000000 25121.997522 306029.604268 319975.515239 64755.836899 0.000000 0.000000 971243.267873 0.000000 0.000000 0.000000 0.000000 0.000000
2518 22 8  0.000000 0.000000 0.000000 0.000000 0.000000 305940.503370 162881.675326 0.000000 0.000000 476330.582965 0.000000 0.000000 0.000000 0.000000 0.000000
2529 22 9  0.000000 0.000000 0.000000 0.000000 0.000000 299040.100857 425186.095160 54526.825349 155346.400838 0.000000 0.000000 12430260.707055 0.000000 0.000000 0.000000
2540 23 0  0.000000 29612.079416 49450.522688 288845.340750 0.000000 132286.595085 0.000000 95317.333036 0.000000 0.000000 0.000000 0.000000 11207500.690005 0.000000 0.000000
2551 23 1  1572886.665812 0.000000 68270.597675 232094.302545 206678.723213 0.000000 1086145.945838 0.000000 409153.324885 0.000000 0.000000 0.000000 0.000000 0.000000 0.000000
2562 23 2  654969.879836 19114.326543 0.000000 81434.790982 224153.879932 5673.168039 177735.882459 0.000000 0.000000 240623.472113 0.000000 0.000000 0.000000 0.000000 0.000000
2573 23 3  881086.628051 189378.446296 96291.529943 0.000000 63646.423679 456409.332632 988109.072268 0.000000 0.000000 0.000000 0.000000 0.000000 0.000000 0.000000 0.000000
2584 23 4  1457858.059314 188697.569443 248291.907913 49.182715 0.000000 6095.948736 472336.777905 327298.490779 0.000000 0.000000 0.000000 0.000000 182198.455278 0.000000 0.000000
2595 23 5  439807.374148 0.000000 278249.622331 93073.457968 121124.584017 0.000000 273185.180189 549006.393928 347259.104768 0.000000 0.000000 0.000000 122103.933267 0.000000 0.000000
2606 23 6  2319437.937587 0.000000 0.000000 44803.640069 145765.022834 8593.043568 0.000000 33.284805 169808.438599 152345.704083 0.000000 0.000000 7372487.107065 0.000000 0.000000
2617 23 7  718314.951884 0.000000 0.000000 0.000000 212487.432565 146292.050672 796939.943868 0.000000 193648.103937 347049.233211 0.000000 0.000000 0.000000 0.000000 0.000000
2628 23 8  621547.650160 0.000000 0.000000 0.000000 160172.225514 233101.001847 241685.376214 190709.303177 0.000000 165478.757455 0.000000 0.000000 0.000000 0.000000 0.000000
2639 23 9  0.000000 61537.633854 0.000000 0.000000 295393.636218 74746.930658 330955.174604 164130.263166 122715.111969 0.000000 0.000000 0.000000 0.000000 0.000000 0.000000
2650 24 0  0.000000 785418.507820 222743.538155 216398.179090 0.000000 0.000000 182776.265294 212755.024507 0.000000 0.000000 0.000000 0.000000 0.000000 0.000000 0.000000
2661 24 1  89825.359884 0.000000 106335.033597 331603.984744 17968.285967 0.000000 37485.944101 196133.391774 220701.353847 0.000000 0.000000 0.000000 10303827.091302 0.000000 0.000000
2672 24 2  24693.712541 636813.287977 0.000000 198621.808642 407048.840633 42133.732227 0.000000 326180.404624 0.000000 543293.900706 0.000000 0.000000 0.000000 0.000000 0.000000
2683 24 3  440652.684057 423295.489748 72129.326178 0.000000 20.395496 398166.281365 462055.613195 773811.166206 0.000000 0.000000 0.000000 0.000000 81815.609926 0.000000 0.000000
2694 24 4  0.000000 515743.365156 167666.131647 94451.946847 0.000000 43840.357948 505387.667961 317993.042711 0.000000 0.000000 0.000000 0.000000 0.000000 0.000000 0.000000
2705 24 5  0.000000 1009008.091094 163570.849120 172027.295147 20060.699750 0.000000 16411.975932 200640.693422 498185.530716 0.000000 0.000000 0.000000 0.000000 0.000000 0.000000
2716 24 6  0.000000 1119070.119998 0.000000 242853.263067 188129.013860 19149.838729 0.000000 502940.862246 441955.575616 335039.268498 0.000000 0.000000 417021.003856 0.000000 0.000000
2727 24 7  0.000000 518005.468503 0.000000 0.000000 138827.725938 290326.546901 150696.165891 0.000000 165617.441896 752198.622833 0.000000 0.000000 4492215.409116 0.000000 0.000000
2738 24 8  0.000000 527699.991997 0.000000 0.000000 0.000000 357021.194529 338366.839540 508885.997056 0.000000 263098.203792 0.000000 0.000000 0.000000 0.000000 0.000000
2749 24 9  0.000000 0.000000 349421.382931 0.000000 0.000000 152760.015475 321616.749125 303707.144508 211010.529480 0.000000 0.000000 0.000000 0.000000 0.000000 0.000000
2760 25 0  0.000000 144729.714719 517778.615521 190566.871785 78679.874159 0.000000 0.000000 230924.797176 0.000000 0.000000 0.000000 0.000000 0.000000 0.000000 0.000000
2771 25 1  101363.345986 0.000000 885438.932492 152775.381236 284281.301916 0.000000 0.000000 11847.032914 362782.719213 19360.643260 0.000000 0.000000 0.000000 0.000000 0.000000
2782 25 2  62897.171973 0.000000 0.000000 29222.034468 650806.707797 119173.474668 0.000000 0.000000 1040376.951429 19796.549313 0.000000 0.000000 7559502.522621 0.000000 0.000000
2793 25 3  427374.529531 37675.196238 483046.193597 0.000000 5805.078070 339071.961060 154969.491423 0.000000 428525.359804 0.000000 0.000000 0.000000 0.000000 0.000000 0.000000
2804 25 4  0.000000 940903.761683 667809.897963 8677.024674 0.000000 30746.960557 300548.582312 242377.252914 538687.085381 0.000000 0.000000 0.000000 51298.621189 0.000000 0.000000
2815 25 5  0.000000 0.000000 1125473.624027 207936.072281 41653.281246 0.000000 39679.299309 481192.398310 610442.545193 0.000000 0.000000 0.000000 0.000000 0.000000 0.000000
2826 25 6  0.000000 0.000000 907330.626973 259913.501592 297562.303532 71202.130843 0.000000 125863.088794 681501.647405 299364.567516 0.000000 0.000000 0.000000 0.000000 0.000000
2837 25 7  0.000000 0.000000 743780.134539 0.000000 160535.092856 38981.917685 81552.818445 0.000000 226440.890764 0.000000 0.000000 0.000000 154569.867786 0.000000 0.000000
2848 25 8  0.000000 0.000000 273956.755139 0.000000 0.000000 38151.340909 138735.537840 112255.621179 0.000000 48399.137031 0.000000 0.000000 5925638.172591 0.000000 0.000000
2859 25 9  0.000000 38455.866517 8807.141120 48165.756525 113.613320 0.000000 229812.631707 16016.799840 127035.618159 0.000000 0.000000 0.000000 0.000000 0.000000 0.000000
2870 26 0  0.000000 106315.353572 104640.789924 505793.755179 0.000000 0.000000 0.000000 165033.643862 156496.348185 0.000000 0.000000 0.000000 0.000000 0.000000 0.000000
2881 26 1  94220.660950 0.000000 115495.237141 336386.858273 90856.563221 77668.451358 0.000000 0.000000 161812.278164 381412.734206 0.000000 0.000000 0.000000 0.000000 0.000000
2892 26 2  81155.564381 31096.678894 0.000000 319349.202375 321314.524802 311038.990571 0.000000 0.000000 0.000000 303868.199848 0.000000 0.000000 0.000000 0.000000 0.000000
2903 26 3  677195.399229 83152.327694 20285.555280 0.000000 0.000000 361190.278056 268893.181502 0.000000 0.000000 502971.603367 0.000000 0.000000 6901694.699005 0.000000 0.000000
2914 26 4  0.000000 447690.129974 74727.525008 367084.318089 0.000000 15538.059309 489959.216565 235096.051034 0.000000 274292.105004 0.000000 0.000000 0.000000 0.000000 0.000000
2925 26 5  0.000000 0.000000 352478.107485 443545.298372 11975.290976 0.000000 11653.270381 371464.974653 510299.971319 520897.819189 0.000000 0.000000 0.000000 0.000000 0.000000
2936 26 6  0.000000 0.000000 0.000000 626044.698364 189840.469793 44992.516167 0.000000 42432.700603 294538.159085 904150.513836 0.000000 0.000000 0.000000 0.000000 0.000000
2947 26 7  0.000000 0.000000 0.000000 671227.794888 221634.454327 150611.374909 29390.067874 0.000000 59320.850786 684206.107516 0.000000 0.000000 0.000000 0.000000 0.000000
2958 26 8  0.000000 0.000000 0.000000 1686125.667357 0.000000 236669.828279 90086.816595 221264.457080 0.000000 469275.874222 0.000000 0.000000 181769.037119 0.000000 0.000000
2969 26 9  0.000000 0.000000 0.000000 0.000000 118097.178005 51186.485895 207962.631060 320243.929113 138119.555572 0.000000 0.000000 0.000000 6838427.748249 0.000000 0.000000
2980 27 0  0.000000 112241.617631 96576.990704 202570.219483 402462.486791 0.000000 177597.873087 8562.941667 0.000000 212201.054802 0.000000 0.000000 0.000000 10938442.116465 0.000000
2991 27 1  269165.292892 0.000000 84757.875565 209872.312488 528609.832711 0.000000 115777.567751 0.000000 214766.273211 99218.906228 0.000000 0.000000 0.000000 0.000000 0.000000
3002 27 2  500483.629438 93643.304125 0.000000 109307.221191 533679.189854 196780.868887 0.000000 0.000000 0.000000 142503.860345 0.000000 0.000000 0.000000 0.000000 0.000000
3013 27 3  301700.711855 137845.048507 44913.294332 0.000000 612243.172076 645622.803630 253918.370814 0.000000 0.000000 0.000000 0.000000 0.000000 0.000000 0.000000 0.000000
3024 27 4  1964788.695767 388302.921592 96911.674379 77.788069 0.000000 0.000000 266209.189755 178252.832833 0.000000 0.000000 0.000000 0.000000 6059244.517409 0.000000 0.000000
3035 27 5  462505.941551 0.000000 300262.895587 57466.911391 548172.952892 0.000000 0.000000 316925.817222 200949.784331 0.000000 0.000000 0.000000 0.000000 0.000000 0.000000
3046 27 6  477217.560520 0.000000 0.000000 365760.184160 498206.070690 0.000000 0.000000 21023.049817 526290.516966 366868.075528 0.000000 0.000000 3583856.040486 0.000000 0.000000
3057 27 7  1488206.499736 0.000000 0.000000 0.000000 771434.056189 34330.828996 73770.953138 0.000000 118831.488400 214760.915009 0.000000 0.000000 0.000000 0.000000 0.000000
3068 27 8  423532.102361 0.000000 0.000000 0.000000 736063.514638 153470.989855 55138.174941 247739.652833 0.000000 207695.883210 0.000000 0.000000 288335.061918 0.000000 0.000000
3079 27 9  539062.171825 0.000000 0.000000 0.000000 0.000000 136311.288060 274953.128333 66325.805363 282732.705971 0.000000 0.000000 0.000000 607106.351915 0.000000 0.000000
3090 28 0  0.000000 191386.421343 200097.410773 612313.837704 0.000000 867273.697887 0.000000 197455.037161 0.000000 0.000000 0.000000 0.000000 0.000000 500912.421214 0.000000
3101 28 1  384022.901524 0.000000 67105.803334 468149.768774 749132.577351 384976.831836 0.000000 204133.647671 0.000000 0.000000 0.000000 0.000000 0.000000 8605574.737074 0.000000
3112 28 2  204521.841964 515108.226538 0.000000 41113.440281 379849.397566 335225.154106 0.000000 25613.158165 0.000000 195264.600498 0.000000 0.000000 0.000000 0.000000 0.000000
3123 28 3  727498.510289 447419.523430 8575.593375 0.000000 38112.314807 1035227.099981 446640.061268 0.000000 0.000000 0.000000 0.000000 0.000000 0.000000 0.000000 0.000000
3134 28 4  0.000000 378127.894187 194317.962243 30299.195174 0.000000 1148213.524288 775356.879483 450298.680247 0.000000 0.000000 0.000000 0.000000 0.000000 0.000000 0.000000
3145 28 5  0.000000 268079.691581 135795.407039 113497.361711 32609.380661 0.000000 19001.241002 687704.166038 0.000000 0.000000 0.000000 0.000000 6015699.800954 0.000000 0.000000
3156 28 6  0.000000 210154.892234 0.000000 278960.629694 53708.750501 290986.401581 0.000000 109246.147553 0.000000 0.000000 0.000000 0.000000 0.000000 0.000000 0.000000
3167 28 7  155115.258639 186112.072453 0.000000 0.000000 213928.839541 324791.938180 87001.416016 0.000000 0.000000 0.000000 0.000000 0.000000 1112599.100983 0.000000 0.000000
3178 28 8  0.000000 89786.938777 0.000000 0.000000 20579.267485 127205.145761 59183.813370 59315.599789 0.000000 38586.564625 0.000000 0.000000 0.000000 0.000000 0.000000
3189 28 9  22678.019622 56984.904150 139.936275 11335.540929 32392.888603 18260.138835 230593.712282 26506.953355 46060.307853 0.000000 0.000000 0.000000 0.000000 0.000000 0.000000
3200 29 0  0.000000 455137.439971 61979.493186 724760.176715 0.000000 0.000000 1463846.321434 244788.430312 93548.093073 0.000000 0.000000 0.000000 0.000000 1357584.632876 0.000000
3211 29 1  129840.729643 0.000000 270004.075138 200450.619460 495321.746837 0.000000 558959.796939 0.000000 306330.479715 0.000000 0.000000 0.000000 0.000000 283424.758999 0.000000
3222 29 2  163571.059448 54892.138146 0.000000 34383.572026 399518.679636 637004.197865 173616.721491 0.000000 0.000000 0.000000 0.000000 0.000000 0.000000 8731310.087741 0.000000
3233 29 3  209711.894832 110715.037328 578660.038689 0.000000 49755.352526 534989.908079 764893.309490 0.000000 0.000000 0.000000 0.000000 0.000000 0.000000 0.000000 0.000000
3244 29 4  0.000000 414420.167959 375108.641440 44028.564474 0.000000 10449.111411 1266303.194255 411233.186855 0.000000 0.000000 0.000000 0.000000 0.000000 0.000000 0.000000
3255 29 5  0.000000 0.000000 526939.685250 365108.902765 23069.996367 0.000000 1497070.294090 823010.992050 603869.779141 0.000000 0.000000 0.000000 0.000000 0.000000 0.000000
3266 29 6  0.000000 0.000000 240300.164570 225900.325744 65589.053585 0.000000 0.000000 5546.428021 782949.083466 180143.306912 0.000000 0.000000 8908374.007760 0.000000 0.000000
3277 29 7  44501.636650 0.000000 199016.889114 0.000000 348081.902028 40383.988671 225334.678101 0.000000 8472.430679 316345.857761 0.000000 0.000000 0.000000 0.000000 0.000000
3288 29 8  215925.105707 0.000000 446640.474038 0.000000 0.000000 284104.710535 845805.985615 275395.227183 0.000000 152024.775097 0.000000 0.000000 1424257.821750 0.000000 0.000000
3299 29 9  265627.761442 52886.208089 314987.611524 0.000000 0.000000 0.000000 222447.480899 108372.560571 148864.249394 0.000000 0.000000 0.000000 0.000000 0.000000 0.000000
3310 30 0  0.000000 231874.806219 380332.024604 403753.154365 0.000000 0.000000 0.000000 480523.270268 0.000000 230768.206071 0.000000 0.000000 0.000000 0.000000 0.000000
3321 30 1  103900.348876 0.000000 263354.547832 344753.394517 152041.963696 0.000000 0.000000 372774.662876 471804.878118 99362.842443 0.000000 0.000000 0.000000 717421.266538 0.000000
3332 30 2  128709.488777 102849.290249 0.000000 546793.060814 499589.373112 548219.344942 0.000000 313510.327936 0.000000 173321.057597 0.000000 0.000000 0.000000 82859.439217 0.000000
3343 30 3  80197.844639 140869.920168 28914.655593 0.000000 17896.843594 512464.246378 634931.463286 288331.269271 0.000000 0.000000 0.000000 0.000000 0.000000 9414091.122319 0.000000
3354 30 4  0.000000 275327.448768 151323.833349 735043.194973 0.000000 22973.408696 593786.000200 783585.398375 0.000000 0.000000 0.000000 0.000000 0.000000 0.000000 0.000000
3365 30 5  0.000000 0.000000 391310.696390 367783.841218 19999.953104 0.000000 16009.187275 974064.799740 454125.665837 0.000000 0.000000 0.000000 0.000000 0.000000 0.000000
3376 30 6  0.000000 0.000000 0.000000 431418.286512 267925.153186 68990.382216 0.000000 756071.050333 313795.294118 563183.953482 0.000000 0.000000 0.000000 0.000000 0.000000
3387 30 7  0.000000 179428.867706 0.000000 428601.633431 493925.809638 84319.907190 81043.064817 0.000000 112679.423008 531625.795220 0.000000 0.000000 8192140.185450 0.000000 0.000000
3398 30 8  0.000000 300653.799759 0.000000 305570.546458 0.000000 521896.986489 71741.965720 597196.734027 0.000000 291196.531145 0.000000 0.000000 0.000000 0.000000 0.000000
3409 30 9  0.000000 274762.825772 0.000000 297146.968126 0.000000 0.000000 242913.594413 106356.616322 335611.997430 0.000000 0.000000 0.000000 1823743.696067 0.000000 0.000000
3420 31 0  0.000000 130812.184761 312316.664755 374704.615094 0.000000 0.000000 0.000000 203793.021719 358426.972559 0.000000 0.000000 0.000000 0.000000 71899.379477 0.000000
3431 31 1  323306.579003 0.000000 0.000000 397851.061391 389853.902716 0.000000 0.000000 0.000000 1869550.573014 0.000000 0.000000 0.000000 0.000000 0.000000 0.000000
3442 31 2  327527.297788 0.000000 0.000000 216076.953618 466754.102629 582412.296772 0.000000 0.000000 3330874.665911 569003.023648 0.000000 0.000000 0.000000 341644.292673 0.000000
3453 31 3  1707183.347745 99019.033773 164530.029703 0.000000 431761.943121 489441.968763 582343.480855 0.000000 6672909.342463 0.000000 0.000000 0.000000 0.000000 87329.570572 0.000000
3464 31 4  0.000000 70110.069365 92846.637753 86877.803494 0.000000 102990.054978 296052.891894 0.000000 1891120.547809 0.000000 0.000000 0.000000 0.000000 1238278.376519 0.000000
3475 31 5  0.000000 0.000000 259841.077426 37665.346914 176005.500005 0.000000 98817.636499 0.000000 484839.081911 0.000000 0.000000 0.000000 0.000000 0.000000 0.000000
3486 31 6  0.000000 0.000000 0.000000 207615.210385 178969.793928 73882.911184 0.000000 58356.626703 804919.266773 209947.121572 0.000000 0.000000 0.000000 0.000000 0.000000
3497 31 7  0.000000 0.000000 0.000000 0.000000 173038.596710 0.000000 8041.444722 0.000000 617973.997288 170237.049011 0.000000 0.000000 0.000000 0.000000 0.000000
3508 31 8  0.000000 0.000000 7090.247943 0.000000 0.000000 189580.448078 0.000000 15021.945801 0.000000 39435.552149 0.000000 0.000000 10720629.264840 0.000000 0.000000
3519 31 9  0.000000 0.000000 157610.144408 0.000000 0.000000 0.000000 452443.758620 82860.204417 102885.036069 0.000000 0.000000 0.000000 0.000000 0.000000 0.000000
3530 32 0  0.000000 87012.460582 105200.501064 714306.802798 0.000000 0.000000 0.000000 444431.744704 0.000000 810236.085806 0.000000 0.000000 0.000000 0.000000 0.000000
3541 32 1  39556.669028 0.000000 14743.949928 19516.363818 140559.155993 0.000000 0.000000 0.000000 222831.397776 1047836.155511 0.000000 0.000000 0.000000 147706.253780 0.000000
3552 32 2  104599.844847 66489.214322 0.000000 17794.544782 566801.660442 260573.593484 0.000000 0.000000 0.000000 423138.732564 0.000000 0.000000 0.000000 0.000000 0.000000
3563 32 3  384027.578210 74092.826140 20013.945284 0.000000 0.000000 330994.106421 310156.693060 0.000000 0.000000 1150057.632616 0.000000 0.000000 0.000000 433938.582761 0.000000
3574 32 4  0.000000 256249.898616 49477.549918 0.000000 0.000000 6288.028402 618165.434047 279444.579243 0.000000 537141.068027 0.000000 0.000000 0.000000 0.000000 0.000000
3585 32 5  0.000000 0.000000 19351.596987 48534.435269 8654.312847 0.000000 11722.684848 365296.889395 167575.750394 939843.214040 0.000000 0.000000 0.000000 0.000000 0.000000
3596 32 6  0.000000 0.000000 0.000000 213979.148962 60492.992247 19826.304463 0.000000 9136.686563 319858.854111 693946.013306 0.000000 0.000000 0.000000 0.000000 0.000000
3607 32 7  0.000000 0.000000 0.000000 9481.975877 168134.887822 54064.892380 8738.764867 0.000000 17924.485144 458376.000849 0.000000 0.000000 0.000000 0.000000 0.000000
3618 32 8  0.000000 0.000000 0.000000 154666.643222 0.000000 184463.493824 73002.613897 104421.387051 0.000000 429571.750034 0.000000 0.000000 0.000000 0.000000 0.000000
3629 32 9  88699.207074 0.000000 0.000000 153457.185948 0.000000 0.000000 214336.197596 55235.654561 50379.169292 0.000000 0.000000 0.000000 12784792.192195 0.000000 0.000000
3640 33 0  0.000000 20847.613709 181311.126933 345913.915988 0.000000 0.000000 0.000000 264615.473224 0.000000 0.000000 0.000000 0.000000 0.000000 7483507.024603 0.000000
3651 33 1  631530.461052 0.000000 95025.713335 54017.577332 189341.296040 0.000000 0.000000 0.000000 392298.561675 0.000000 0.000000 0.000000 0.000000 0.000000 0.000000
3662 33 2  317524.489756 16839.489977 0.000000 7578.638633 261248.503176 455360.671404 0.000000 0.000000 0.000000 245304.265374 0.000000 0.000000 0.000000 125648.301768 0.000000
3673 33 3  388621.149638 141039.696175 20136.406978 0.000000 5672.934711 529517.035955 463410.841975 0.000000 0.000000 0.000000 0.000000 0.000000 0.000000 0.000000 0.000000
3684 33 4  258661.133400 188934.388689 40379.336029 8678.240306 0.000000 17899.754959 285253.689309 300977.014585 0.000000 0.000000 0.000000 0.000000 0.000000 242487.532785 0.000000
3695 33 5  705104.098248 0.000000 192796.573324 50783.585287 19945.516719 0.000000 0.000000 258168.941974 225925.714179 0.000000 0.000000 0.000000 0.000000 0.000000 0.000000
3706 33 6  1063279.043474 0.000000 0.000000 37968.536244 100520.519601 0.000000 0.000000 6193.774931 561716.465646 382235.560052 0.000000 0.000000 0.000000 0.000000 0.000000
3717 33 7  822647.839754 0.000000 0.000000 0.000000 181406.639833 61045.812840 15394.866568 0.000000 15642.634276 285574.984778 0.000000 0.000000 0.000000 0.000000 0.000000
3728 33 8  959320.140077 0.000000 0.000000 0.000000 194960.621061 208836.994171 43816.137096 74577.827880 0.000000 109413.684084 0.000000 0.000000 0.000000 0.000000 0.000000
3739 33 9  0.000000 0.000000 0.000000 0.000000 213702.374462 0.000000 89752.741057 137529.984462 102688.334433 0.000000 0.000000 0.000000 0.000000 0.000000 0.000000
3750 34 0  0.000000 51423.107545 258888.689108 438441.695265 0.000000 0.000000 0.000000 173459.458962 0.000000 0.000000 0.000000 0.000000 0.000000 0.000000 0.000000
3761 34 1  18442.186450 0.000000 64471.765158 496657.434172 194723.700282 0.000000 0.000000 0.000000 86263.797658 0.000000 0.000000 0.000000 0.000000 580492.235522 0.000000
3772 34 2  47217.490925 78208.411891 0.000000 11008.693302 317048.973653 178058.370837 0.000000 0.000000 0.000000 296689.260741 0.000000 0.000000 0.000000 0.000000 0.000000
3783 34 3  947643.957653 127076.960893 8609.830292 0.000000 44350.939391 18025.299736 0.000000 0.000000 0.000000 0.000000 0.000000 0.000000 0.000000 0.000000 0.000000
3794 34 4  0.000000 274455.080549 81484.424352 20184.282846 0.000000 6148.252429 0.000000 0.000000 0.000000 0.000000 0.000000 0.000000 0.000000 0.000000 0.000000
3805 34 5  0.000000 0.000000 189724.981417 0.000000 0.000000 0.000000 0.000000 0.000000 0.000000 0.000000 0.000000 0.000000 0.000000 0.000000 0.000000
3816 34 6  0.000000 0.000000 0.000000 26569.727084 0.000000 0.000000 0.000000 0.000000 0.000000 0.000000 0.000000 0.000000 0.000000 0.000000 0.000000
3827 34 7  0.000000 0.000000 0.000000 0.000000 0.000000 0.000000 0.000000 0.000000 0.000000 0.000000 0.000000 0.000000 0.000000 0.000000 0.000000
3838 34 8  0.000000 0.000000 0.000000 0.000000 0.000000 0.000000 0.000000 0.000000 0.000000 0.000000 0.000000 0.000000 0.000000 0.000000 0.000000
3849 34 9  0.000000 0.000000 0.000000 0.000000 0.000000 0.000000 0.000000 0.000000 0.000000 0.000000 0.000000 0.000000 0.000000 0.000000 0.000000
3860 35 0  0.000000 0.000000 0.000000 0.000000 0.000000 0.000000 0.000000 78195.364780 0.000000 0.000000 0.000000 0.000000 0.000000 0.000000 0.000000
3871 35 1  0.000000 0.000000 0.000000 0.000000 0.000000 0.000000 0.000000 0.000000 30497.843496 0.000000 0.000000 0.000000 0.000000 0.000000 0.000000
3882 35 2  0.000000 0.000000 0.000000 0.000000 0.000000 0.000000 0.000000 0.000000 0.000000 95947.841163 0.000000 0.000000 0.000000 0.000000 0.000000
3893 35 3  263471.371456 0.000000 0.000000 0.000000 0.000000 0.000000 0.000000 0.000000 0.000000 0.000000 0.000000 0.000000 0.000000 0.000000 0.000000
3904 35 4  0.000000 137743.724405 0.000000 0.000000 0.000000 0.000000 0.000000 0.000000 0.000000 0.000000 0.000000 0.000000 0.000000 0.000000 0.000000
3915 35 5  0.000000 0.000000 0.000000 0.000000 0.000000 0.000000 0.000000 0.000000 0.000000 0.000000 0.000000 0.000000 0.000000 0.000000 0.000000
3926 35 6  0.000000 0.000000 0.000000 79632.933591 0.000000 0.000000 0.000000 0.000000 0.000000 0.000000 0.000000 0.000000 0.000000 0.000000 0.000000
3937 35 7  0.000000 0.000000 0.000000 0.000000 60197.612964 0.000000 0.000000 0.000000 0.000000 0.000000 0.000000 0.000000 0.000000 0.000000 0.000000
3948 35 8  0.000000 0.000000 0.000000 0.000000 0.000000 0.000000 0.000000 0.000000 0.000000 0.000000 0.000000 0.000000 0.000000 0.000000 0.000000
3959 35 9  0.000000 0.000000 0.000000 0.000000 0.000000 0.000000 29162.677083 0.000000 0.000000 0.000000 0.000000 0.000000 0.000000 0.000000 0.000000
3970 36 0  0.000000 0.000000 0.000000 0.000000 0.000000 0.000000 0.000000 0.000000 0.000000 0.000000 0.000000 0.000000 0.000000 0.000000 0.000000
3981 36 1  0.000000 0.000000 0.000000 0.000000 0.000000 0.000000 0.000000 0.000000 54594.484409 0.000000 0.000000 0.000000 0.000000 0.000000 0.000000
3992 36 2  0.000000 0.000000 0.000000 0.000000 0.000000 0.000000 0.000000 0.000000 0.000000 28996.808248 0.000000 0.000000 0.000000 0.000000 0.000000
4003 36 3  182162.842540 0.000000 0.000000 0.000000 0.000000 0.000000 0.000000 0.000000 0.000000 0.000000 0.000000 0.000000 0.000000 0.000000 0.000000
4014 36 4  0.000000 191374.433233 0.000000 0.000000 0.000000 0.000000 0.000000 0.000000 0.000000 0.000000 0.000000 0.000000 0.000000 0.000000 0.000000
4025 36 5  0.000000 0.000000 54835.488569 0.000000 0.000000 0.000000 0.000000 0.000000 0.000000 0.000000 0.000000 0.000000 0.000000 0.000000 0.000000
4036 36 6  0.000000 0.000000 0.000000 0.000000 0.000000 0.000000 0.000000 0.000000 0.000000 0.000000 0.000000 0.000000 0.000000 0.000000 0.000000
4047 36 7  0.000000 0.000000 0.000000 0.000000 0.000000 0.000000 0.000000 0.000000 0.000000 0.000000 0.000000 0.000000 0.000000 0.000000 0.000000
4058 36 8  0.000000 0.000000 0.000000 0.000000 0.000000 0.000000 0.000000 0.000000 0.000000 0.000000 0.000000 0.000000 0.000000 0.000000 0.000000
4069 36 9  0.000000 0.000000 0.000000 0.000000 0.000000 0.000000 0.000000 0.000000 0.000000 0.000000 0.000000 0.000000 0.000000 0.000000 0.000000
4080 37 0  0.000000 0.000000 0.000000 0.000000 0.000000 0.000000 0.000000 0.000000 0.000000 0.000000 0.000000 0.000000 0.000000 0.000000 0.000000
4091 37 1  0.000000 0.000000 0.000000 0.000000 0.000000 0.000000 0.000000 0.000000 0.000000 0.000000 0.000000 0.000000 0.000000 0.000000 0.000000
4102 37 2  0.000000 0.000000 0.000000 0.000000 0.000000 0.000000 0.000000 0.000000 0.000000 0.000000 0.000000 0.000000 0.000000 0.000000 0.000000
4113 37 3  172455.409347 0.000000 0.000000 0.000000 0.000000 0.000000 0.000000 0.000000 0.000000 0.000000 0.000000 0.000000 0.000000 0.000000 0.000000
4124 37 4  0.000000 105441.414427 0.000000 0.000000 0.000000 0.000000 0.000000 0.000000 0.000000 0.000000 0.000000 0.000000 0.000000 0.000000 0.000000
4135 37 5  0.000000 0.000000 0.000000 0.000000 0.000000 0.000000 0.000000 0.000000 0.000000 0.000000 0.000000 0.000000 0.000000 0.000000 0.000000
4146 37 6  0.000000 0.000000 0.000000 0.000000 0.000000 0.000000 0.000000 0.000000 0.000000 0.000000 0.000000 0.000000 0.000000 0.000000 0.000000
4157 37 7  0.000000 0.000000 0.000000 0.000000 0.000000 0.000000 0.000000 0.000000 0.000000 0.000000 0.000000 0.000000 0.000000 0.000000 0.000000
4168 37 8  0.000000 0.000000 0.000000 0.000000 0.000000 25498.901559 0.000000 0.000000 0.000000 0.000000 0.000000 0.000000 0.000000 0.000000 0.000000
4179 37 9  0.000000 0.000000 0.000000 0.000000 0.000000 0.000000 0.000000 0.000000 0.000000 0.000000 0.000000 0.000000 0.000000 0.000000 0.000000
4190 38 0  0.000000 0.000000 0.000000 0.000000 0.000000 0.000000 0.000000 0.000000 0.000000 0.000000 0.000000 0.000000 0.000000 0.000000 0.000000
4201 38 1  0.000000 0.000000 0.000000 0.000000 0.000000 0.000000 0.000000 0.000000 0.000000 0.000000 0.000000 0.000000 0.000000 0.000000 0.000000
4212 38 2  0.000000 0.000000 0.000000 0.000000 0.000000 0.000000 0.000000 0.000000 0.000000 29962.631089 0.000000 0.000000 0.000000 0.000000 0.000000
4223 38 3  141157.147851 0.000000 0.000000 0.000000 0.000000 0.000000 0.000000 0.000000 0.000000 0.000000 0.000000 0.000000 0.000000 0.000000 0.000000
4234 38 4  0.000000 173167.052314 0.000000 0.000000 0.000000 0.000000 0.000000 0.000000 0.000000 0.000000 0.000000 0.000000 0.000000 0.000000 0.000000
4245 38 5  0.000000 0.000000 0.000000 0.000000 0.000000 0.000000 0.000000 0.000000 0.000000 0.000000 0.000000 0.000000 0.000000 0.000000 0.000000
4256 38 6  0.000000 0.000000 0.000000 0.000000 0.000000 0.000000 0.000000 0.000000 0.000000 0.000000 0.000000 0.000000 0.000000 0.000000 0.000000
4267 38 7  0.000000 0.000000 0.000000 0.000000 0.000000 0.000000 0.000000 0.000000 0.000000 0.000000 0.000000 0.000000 0.000000 0.000000 0.000000
4278 38 8  0.000000 0.000000 0.000000 0.000000 0.000000 0.000000 0.000000 0.000000 0.000000 0.000000 0.000000 0.000000 0.000000 0.000000 0.000000
4289 38 9  0.000000 0.000000 0.000000 0.000000 0.000000 0.000000 0.000000 0.000000 0.000000 0.000000 0.000000 0.000000 0.000000 0.000000 0.000000
4300 39 0  0.000000 0.000000 0.000000 0.000000 0.000000 0.000000 0.000000 0.000000 0.000000 0.000000 0.000000 0.000000 0.000000 0.000000 0.000000
4311 39 1  0.000000 0.000000 0.000000 0.000000 0.000000 0.000000 0.000000 0.000000 0.000000 0.000000 0.000000 0.000000 0.000000 0.000000 0.000000
4322 39 2  0.000000 0.000000 0.000000 0.000000 0.000000 0.000000 0.000000 0.000000 0.000000 0.000000 0.000000 0.000000 0.000000 0.000000 0.000000
4333 39 3  139813.120233 0.000000 0.000000 0.000000 0.000000 0.000000 0.000000 0.000000 0.000000 0.000000 0.000000 0.000000 0.000000 0.000000 0.000000
4344 39 4  0.000000 201735.835990 0.000000 0.000000 0.000000 0.000000 0.000000 0.000000 0.000000 0.000000 0.000000 0.000000 0.000000 0.000000 0.000000
4355 39 5  0.000000 0.000000 6739.352562 0.000000 0.000000 0.000000 0.000000 0.000000 0.000000 0.000000 0.000000 0.000000 0.000000 0.000000 0.000000
4366 39 6  0.000000 0.000000 0.000000 0.000000 0.000000 0.000000 0.000000 0.000000 0.000000 0.000000 0.000000 0.000000 0.000000 0.000000 0.000000
4377 39 7  0.000000 0.000000 0.000000 0.000000 0.000000 0.000000 0.000000 0.000000 0.000000 0.000000 0.000000 0.000000 0.000000 0.000000 0.000000
4388 39 8  0.000000 0.000000 0.000000 0.000000 0.000000 0.000000 0.000000 0.000000 0.000000 0.000000 0.000000 0.000000 0.000000 0.000000 0.000000
4399 39 9  0.000000 0.000000 0.000000 0.000000 0.000000 0.000000 0.000000 0.000000 0.000000 0.000000 0.000000 0.000000 0.000000 0.000000 0.000000
4410 40 0  0.000000 0.000000 0.000000 0.000000 0.000000 0.000000 0.000000 0.000000 0.000000 0.000000 0.000000 0.000000 0.000000 0.000000 0.000000
4421 40 1  0.000000 0.000000 0.000000 0.000000 0.000000 0.000000 0.000000 0.000000 0.000000 0.000000 0.000000 0.000000 0.000000 0.000000 0.000000
4432 40 2  0.000000 0.000000 0.000000 0.000000 0.000000 0.000000 0.000000 0.000000 0.000000 14640.055813 0.000000 0.000000 0.000000 0.000000 0.000000
4443 40 3  0.000000 0.000000 0.000000 0.000000 0.000000 0.000000 0.000000 0.000000 0.000000 0.000000 0.000000 0.000000 0.000000 0.000000 0.000000
4454 40 4  0.000000 97829.538673 0.000000 0.000000 0.000000 0.000000 0.000000 0.000000 0.000000 0.000000 0.000000 0.000000 0.000000 0.000000 0.000000
4465 40 5  0.000000 0.000000 0.000000 0.000000 0.000000 0.000000 0.000000 0.000000 0.000000 0.000000 0.000000 0.000000 0.000000 0.000000 0.000000
4476 40 6  0.000000 0.000000 0.000000 0.000000 0.000000 0.000000 0.000000 0.000000 0.000000 0.000000 0.000000 0.000000 0.000000 0.000000 0.000000
4487 40 7  0.000000 0.000000 0.000000 0.000000 0.000000 0.000000 0.000000 0.000000 0.000000 0.000000 0.000000 0.000000 0.000000 0.000000 0.000000
4498 40 8  0.000000 0.000000 0.000000 0.000000 0.000000 0.000000 0.000000 0.000000 0.000000 0.000000 0.000000 0.000000 0.000000 0.000000 0.000000
4509 40 9  0.000000 0.000000 0.000000 0.000000 0.000000 0.000000 0.000000 0.000000 0.000000 0.000000 0.000000 0.000000 0.000000 0.000000 0.000000
4520 41 0  0.000000 0.000000 0.000000 0.000000 0.000000 0.000000 0.000000 56019.210379 0.000000 0.000000 0.000000 0.000000 0.000000 0.000000 0.000000
4531 41 1  0.000000 0.000000 0.000000 0.000000 0.000000 0.000000 0.000000 0.000000 0.000000 0.000000 0.000000 0.000000 0.000000 0.000000 0.000000
4542 41 2  0.000000 0.000000 0.000000 0.000000 0.000000 0.000000 0.000000 0.000000 0.000000 0.000000 0.000000 0.000000 0.000000 0.000000 0.000000
4553 41 3  154235.445409 0.000000 0.000000 0.000000 0.000000 0.000000 0.000000 0.000000 0.000000 0.000000 0.000000 0.000000 0.000000 0.000000 0.000000
4564 41 4  0.000000 0.000000 0.000000 0.000000 0.000000 0.000000 0.000000 0.000000 0.000000 0.000000 0.000000 0.000000 0.000000 0.000000 0.000000
4575 41 5  0.000000 0.000000 0.000000 0.000000 0.000000 0.000000 0.000000 0.000000 0.000000 0.000000 0.000000 0.000000 0.000000 0.000000 0.000000
4586 41 6  0.000000 0.000000 0.000000 0.000000 0.000000 0.000000 0.000000 0.000000 0.000000 0.000000 0.000000 0.000000 0.000000 0.000000 0.000000
4597 41 7  0.000000 0.000000 0.000000 0.000000 0.000000 0.000000 0.000000 0.000000 0.000000 0.000000 0.000000 0.000000 0.000000 0.000000 0.000000
4608 41 8  0.000000 0.000000 0.000000 0.000000 0.000000 123578.730393 0.000000 0.000000 0.000000 0.000000 0.000000 0.000000 0.000000 0.000000 0.000000
4619 41 9  0.000000 0.000000 0.000000 0.000000 0.000000 0.000000 0.000000 0.000000 0.000000 0.000000 0.000000 0.000000 0.000000 0.000000 0.000000
4630 42 0  0.000000 0.000000 0.000000 0.000000 0.000000 0.000000 0.000000 0.000000 0.000000 0.000000 0.000000 0.000000 0.000000 0.000000 0.000000
4641 42 1  0.000000 0.000000 0.000000 0.000000 0.000000 0.000000 0.000000 0.000000 47002.424623 0.000000 0.000000 0.000000 0.000000 0.000000 0.000000
4652 42 2  0.000000 0.000000 0.000000 0.000000 0.000000 0.000000 0.000000 0.000000 0.000000 0.000000 0.000000 0.000000 0.000000 0.000000 0.000000
4663 42 3  207381.919024 0.000000 0.000000 0.000000 0.000000 0.000000 0.000000 0.000000 0.000000 0.000000 0.000000 0.000000 0.000000 0.000000 0.000000
4674 42 4  0.000000 158208.298469 0.000000 0.000000 0.000000 0.000000 0.000000 0.000000 0.000000 0.000000 0.000000 0.000000 0.000000 0.000000 0.000000
4685 42 5  0.000000 0.000000 0.000000 0.000000 0.000000 0.000000 0.000000 0.000000 0.000000 0.000000 0.000000 0.000000 0.000000 0.000000 0.000000
4696 42 6  0.000000 0.000000 0.000000 0.000000 0.000000 0.000000 0.000000 0.000000 0.000000 0.000000 0.000000 0.000000 0.000000 0.000000 0.000000
4707 42 7  0.000000 0.000000 0.000000 0.000000 0.000000 0.000000 0.000000 0.000000 0.000000 0.000000 0.000000 0.000000 0.000000 0.000000 0.000000
4718 42 8  0.000000 0.000000 0.000000 0.000000 0.000000 0.000000 0.000000 0.000000 0.000000 0.000000 0.000000 0.000000 0.000000 0.000000 0.000000
4729 42 9  0.000000 0.000000 0.000000 0.000000 0.000000 0.000000 0.000000 0.000000 0.000000 0.000000 0.000000 0.000000 0.000000 0.000000 0.000000
4740 43 0  0.000000 0.000000 0.000000 0.000000 0.000000 0.000000 0.000000 106490.432487 0.000000 0.000000 0.000000 0.000000 0.000000 0.000000 0.000000
4751 43 1  0.000000 0.000000 0.000000 0.000000 0.000000 0.000000 0.000000 0.000000 0.000000 0.000000 0.000000 0.000000 0.000000 0.000000 0.000000
4762 43 2  0.000000 0.000000 0.000000 0.000000 0.000000 0.000000 0.000000 0.000000 0.000000 64924.218222 0.000000 0.000000 0.000000 0.000000 0.000000
4773 43 3  167156.611907 0.000000 0.000000 0.000000 0.000000 0.000000 0.000000 0.000000 0.000000 0.000000 0.000000 0.000000 0.000000 0.000000 0.000000
4784 43 4  0.000000 140293.906987 0.000000 0.000000 0.000000 0.000000 0.000000 0.000000 0.000000 0.000000 0.000000 0.000000 0.000000 0.000000 0.000000
4795 43 5  0.000000 0.000000 0.000000 0.000000 0.000000 0.000000 0.000000 0.000000 0.000000 0.000000 0.000000 0.000000 0.000000 0.000000 0.000000
4806 43 6  0.000000 0.000000 0.000000 0.000000 0.000000 0.000000 0.000000 0.000000 0.000000 0.000000 0.000000 0.000000 0.000000 0.000000 0.000000
4817 43 7  0.000000 0.000000 0.000000 0.000000 0.000000 0.000000 0.000000 0.000000 0.000000 0.000000 0.000000 0.000000 0.000000 0.000000 0.000000
4828 43 8  0.000000 0.000000 0.000000 0.000000 0.000000 72378.059826 0.000000 0.000000 0.000000 0.000000 0.000000 0.000000 0.000000 0.000000 0.000000
4839 43 9  0.000000 0.000000 0.000000 0.000000 0.000000 0.000000 0.000000 0.000000 0.000000 0.000000 0.000000 0.000000 0.000000 0.000000 0.000000
4850 44 0  0.000000 0.000000 0.000000 0.000000 0.000000 0.000000 0.000000 0.000000 0.000000 0.000000 0.000000 0.000000 0.000000 0.000000 0.000000
4861 44 1  0.000000 0.000000 0.000000 0.000000 0.000000 0.000000 0.000000 0.000000 69773.563370 0.000000 0.000000 0.000000 0.000000 0.000000 0.000000
4872 44 2  0.000000 0.000000 0.000000 0.000000 0.000000 0.000000 0.000000 0.000000 0.000000 96770.076849 0.000000 0.000000 0.000000 0.000000 0.000000
4883 44 3  177701.121649 0.000000 0.000000 0.000000 0.000000 0.000000 0.000000 0.000000 0.000000 0.000000 0.000000 0.000000 0.000000 0.000000 0.000000
4894 44 4  0.000000 141199.393874 0.000000 0.000000 0.000000 0.000000 0.000000 0.000000 0.000000 0.000000 0.000000 0.000000 0.000000 0.000000 0.000000
4905 44 5  0.000000 0.000000 0.000000 0.000000 0.000000 0.000000 0.000000 0.000000 0.000000 0.000000 0.000000 0.000000 0.000000 0.000000 0.000000
4916 44 6  0.000000 0.000000 0.000000 91166.556671 0.000000 0.000000 0.000000 0.000000 0.000000 0.000000 0.000000 0.000000 0.000000 0.000000 0.000000
4927 44 7  0.000000 0.000000 0.000000 0.000000 0.000000 0.000000 0.000000 0.000000 0.000000 0.000000 0.000000 0.000000 0.000000 0.000000 0.000000
4938 44 8  0.000000 0.000000 0.000000 0.000000 0.000000 0.000000 0.000000 0.000000 0.000000 0.000000 0.000000 0.000000 0.000000 0.000000 0.000000
4949 44 9  0.000000 0.000000 0.000000 0.000000 0.000000 0.000000 70219.495103 0.000000 0.000000 0.000000 0.000000 0.000000 0.000000 0.000000 0.000000
4960 45 0  0.000000 0.000000 0.000000 0.000000 0.000000 0.000000 0.000000 0.000000 0.000000 0.000000 0.000000 0.000000 0.000000 0.000000 0.000000
4971 45 1  0.000000 0.000000 0.000000 0.000000 0.000000 0.000000 0.000000 0.000000 16255.448031 0.000000 0.000000 0.000000 0.000000 0.000000 0.000000
4982 45 2  0.000000 0.000000 0.000000 0.000000 0.000000 0.000000 0.000000 0.000000 0.000000 0.000000 0.000000 0.000000 0.000000 0.000000 0.000000
4993 45 3  127950.848891 0.000000 0.000000 0.000000 0.000000 0.000000 0.000000 0.000000 0.000000 0.000000 0.000000 0.000000 0.000000 0.000000 0.000000
5004 45 4  0.000000 185557.335055 0.000000 0.000000 0.000000 0.000000 0.000000 0.000000 0.000000 0.000000 0.000000 0.000000 0.000000 0.000000 0.000000
5015 45 5  0.000000 0.000000 45756.846304 0.000000 0.000000 0.000000 0.000000 0.000000 0.000000 0.000000 0.000000 0.000000 0.000000 0.000000 0.000000
5026 45 6  0.000000 0.000000 0.000000 70445.584050 0.000000 0.000000 0.000000 0.000000 0.000000 0.000000 0.000000 0.000000 0.000000 0.000000 0.000000
5037 45 7  0.000000 0.000000 0.000000 0.000000 0.000000 0.000000 0.000000 0.000000 0.000000 0.000000 0.000000 0.000000 0.000000 0.000000 0.000000
5048 45 8  0.000000 0.000000 0.000000 0.000000 0.000000 0.000000 0.000000 0.000000 0.000000 0.000000 0.000000 0.000000 0.000000 0.000000 0.000000
5059 45 9  0.000000 0.000000 0.000000 0.000000 0.000000 0.000000 0.000000 0.000000 0.000000 0.000000 0.000000 0.000000 0.000000 0.000000 0.000000
5070 46 0  0.000000 0.000000 0.000000 0.000000 0.000000 0.000000 0.000000 96654.623463 0.000000 0.000000 0.000000 0.000000 0.000000 0.000000 0.000000
5081 46 1  0.000000 0.000000 0.000000 0.000000 0.000000 0.000000 0.000000 0.000000 0.000000 0.000000 0.000000 0.000000 0.000000 0.000000 0.000000
5092 46 2  0.000000 0.000000 0.000000 0.000000 0.000000 0.000000 0.000000 0.000000 0.000000 51531.900592 0.000000 0.000000 0.000000 0.000000 0.000000
5103 46 3  172138.356912 0.000000 0.000000 0.000000 0.000000 0.000000 0.000000 0.000000 0.000000 0.000000 0.000000 0.000000 0.000000 0.000000 0.000000
5114 46 4  0.000000 169628.351557 0.000000 0.000000 0.000000 0.000000 0.000000 0.000000 0.000000 0.000000 0.000000 0.000000 0.000000 0.000000 0.000000
5125 46 5  0.000000 0.000000 0.000000 0.000000 0.000000 0.000000 0.000000 0.000000 0.000000 0.000000 0.000000 0.000000 0.000000 0.000000 0.000000
5136 46 6  0.000000 0.000000 0.000000 0.000000 0.000000 0.000000 0.000000 0.000000 0.000000 0.000000 0.000000 0.000000 0.000000 0.000000 0.000000
5147 46 7  0.000000 0.000000 0.000000 0.000000 32189.158619 0.000000 0.000000 0.000000 0.000000 0.000000 0.000000 0.000000 0.000000 0.000000 0.000000
5158 46 8  0.000000 0.000000 0.000000 0.000000 0.000000 80746.316076 0.000000 0.000000 0.000000 0.000000 0.000000 0.000000 0.000000 0.000000 0.000000
5169 46 9  0.000000 0.000000 0.000000 0.000000 0.000000 0.000000 0.000000 0.000000 0.000000 0.000000 0.000000 0.000000 0.000000 0.000000 0.000000
5180 47 0  0.000000 0.000000 0.000000 0.000000 0.000000 0.000000 0.000000 0.000000 0.000000 0.000000 0.000000 0.000000 0.000000 0.000000 0.000000
5191 47 1  0.000000 0.000000 0.000000 0.000000 0.000000 0.000000 0.000000 0.000000 0.000000 0.000000 0.000000 0.000000 0.000000 0.000000 0.000000
5202 47 2  0.000000 0.000000 0.000000 0.000000 0.000000 0.000000 0.000000 0.000000 0.000000 104525.359501 0.000000 0.000000 0.000000 0.000000 0.000000
5213 47 3  119845.721509 0.000000 0.000000 0.000000 0.000000 0.000000 0.000000 0.000000 0.000000 0.000000 0.000000 0.000000 0.000000 0.000000 0.000000
5224 47 4  0.000000 154769.527966 0.000000 0.000000 0.000000 0.000000 0.000000 0.000000 0.000000 0.000000 0.000000 0.000000 0.000000 0.000000 0.000000
5235 47 5  0.000000 0.000000 0.000000 0.000000 0.000000 0.000000 0.000000 0.000000 0.000000 0.000000 0.000000 0.000000 0.000000 0.000000 0.000000
5246 47 6  0.000000 0.000000 0.000000 0.000000 0.000000 0.000000 0.000000 0.000000 0.000000 0.000000 0.000000 0.000000 0.000000 0.000000 0.000000
5257 47 7  0.000000 0.000000 0.000000 0.000000 75332.672364 0.000000 0.000000 0.000000 0.000000 0.000000 0.000000 0.000000 0.000000 0.000000 0.000000
5268 47 8  0.000000 0.000000 0.000000 0.000000 0.000000 0.000000 0.000000 0.000000 0.000000 0.000000 0.000000 0.000000 0.000000 0.000000 0.000000
5279 47 9  0.000000 0.000000 0.000000 0.000000 0.000000 0.000000 73387.697147 0.000000 0.000000 0.000000 0.000000 0.000000 0.000000 0.000000 0.000000
5290 48 0  0.000000 0.000000 0.000000 0.000000 0.000000 0.000000 0.000000 43234.539453 0.000000 0.000000 0.000000 0.000000 0.000000 0.000000 0.000000
5301 48 1  0.000000 0.000000 0.000000 0.000000 0.000000 0.000000 0.000000 0.000000 0.000000 0.000000 0.000000 0.000000 0.000000 0.000000 0.000000
5312 48 2  0.000000 0.000000 0.000000 0.000000 0.000000 0.000000 0.000000 0.000000 0.000000 0.000000 0.000000 0.000000 0.000000 0.000000 0.000000
5323 48 3  146650.853647 0.000000 0.000000 0.000000 0.000000 0.000000 0.000000 0.000000 0.000000 0.000000 0.000000 0.000000 0.000000 0.000000 0.000000
5334 48 4  0.000000 128293.386208 0.000000 0.000000 0.000000 0.000000 0.000000 0.000000 0.000000 0.000000 0.000000 0.000000 0.000000 0.000000 0.000000
5345 48 5  0.000000 0.000000 0.000000 0.000000 0.000000 0.000000 0.000000 0.000000 0.000000 0.000000 0.000000 0.000000 0.000000 0.000000 0.000000
5356 48 6  0.000000 0.000000 0.000000 0.000000 0.000000 0.000000 0.000000 0.000000 0.000000 0.000000 0.000000 0.000000 0.000000 0.000000 0.000000
5367 48 7  0.000000 0.000000 0.000000 0.000000 0.000000 0.000000 0.000000 0.000000 0.000000 0.000000 0.000000 0.000000 0.000000 0.000000 0.000000
5378 48 8  0.000000 0.000000 0.000000 0.000000 0.000000 0.000000 0.000000 0.000000 0.000000 0.000000 0.000000 0.000000 0.000000 0.000000 0.000000
5389 48 9  0.000000 0.000000 0.000000 0.000000 0.000000 0.000000 5304.718573 0.000000 0.000000 0.000000 0.000000 0.000000 0.000000 0.000000 0.000000
5400 49 0  0.000000 0.000000 0.000000 0.000000 0.000000 0.000000 0.000000 0.000000 0.000000 0.000000 0.000000 0.000000 0.000000 0.000000 0.000000
5411 49 1  0.000000 0.000000 0.000000 0.000000 0.000000 0.000000 0.000000 0.000000 0.000000 0.000000 0.000000 0.000000 0.000000 0.000000 0.000000
5422 49 2  0.000000 0.000000 0.000000 0.000000 0.000000 0.000000 0.000000 0.000000 0.000000 0.000000 0.000000 0.000000 0.000000 0.000000 0.000000
5433 49 3  166142.936037 0.000000 0.000000 0.000000 0.000000 0.000000 0.000000 0.000000 0.000000 0.000000 0.000000 0.000000 0.000000 0.000000 0.000000
5444 49 4  0.000000 107029.042163 0.000000 0.000000 0.000000 0.000000 0.000000 0.000000 0.000000 0.000000 0.000000 0.000000 0.000000 0.000000 0.000000
5455 49 5  0.000000 0.000000 0.000000 0.000000 0.000000 0.000000 0.000000 0.000000 0.000000 0.000000 0.000000 0.000000 0.000000 0.000000 0.000000
5466 49 6  0.000000 0.000000 0.000000 0.000000 0.000000 0.000000 0.000000 0.000000 0.000000 0.000000 0.000000 0.000000 0.000000 0.000000 0.000000
5477 49 7  0.000000 0.000000 0.000000 0.000000 0.000000 0.000000 0.000000 0.000000 0.000000 0.000000 0.000000 0.000000 0.000000 0.000000 0.000000
5488 49 8  0.000000 0.000000 0.000000 0.000000 0.000000 0.000000 0.000000 0.000000 0.000000 0.000000 0.000000 0.000000 0.000000 0.000000 0.000000
5499 49 9  0.000000 0.000000 0.000000 0.000000 0.000000 0.000000 125340.004249 0.000000 0.000000 0.000000 0.000000 0.000000 0.000000 0.000000 0.000000
5510 50 0  0.000000 0.000000 0.000000 0.000000 0.000000 0.000000 0.000000 19814.075061 0.000000 0.000000 0.000000 0.000000 0.000000 0.000000 0.000000
5521 50 1  0.000000 0.000000 0.000000 0.000000 0.000000 0.000000 0.000000 0.000000 0.000000 0.000000 0.000000 0.000000 0.000000 0.000000 0.000000
5532 50 2  0.000000 0.000000 0.000000 0.000000 0.000000 0.000000 0.000000 0.000000 0.000000 51560.987212 0.000000 0.000000 0.000000 0.000000 0.000000
5543 50 3  183347.312424 0.000000 0.000000 0.000000 0.000000 0.000000 0.000000 0.000000 0.000000 0.000000 0.000000 0.000000 0.000000 0.000000 0.000000
5554 50 4  0.000000 148665.543920 0.000000 0.000000 0.000000 0.000000 0.000000 0.000000 0.000000 0.000000 0.000000 0.000000 0.000000 0.000000 0.000000
5565 50 5  0.000000 0.000000 46087.423462 0.000000 0.000000 0.000000 0.000000 0.000000 0.000000 0.000000 0.000000 0.000000 0.000000 0.000000 0.000000
5576 50 6  0.000000 0.000000 0.000000 100028.434236 0.000000 0.000000 0.000000 0.000000 0.000000 0.000000 0.000000 0.000000 0.000000 0.000000 0.000000
5587 50 7  0.000000 0.000000 0.000000 0.000000 0.000000 0.000000 0.000000 0.000000 0.000000 0.000000 0.000000 0.000000 0.000000 0.000000 0.000000
5598 50 8  0.000000 0.000000 0.000000 0.000000 0.000000 56471.304176 0.000000 0.000000 0.000000 0.000000 0.000000 0.000000 0.000000 0.000000 0.000000
5609 50 9  0.000000 0.000000 0.000000 0.000000 0.000000 0.000000 0.000000 0.000000 0.000000 0.000000 0.000000 0.000000 0.000000 0.000000 0.000000