# Format <LP ID> <Group ID> <Router ID> <Link traffic per router port(s)>
# Router ports in the order: 10 local channels, 5 global channels 
10 0 0 0 335824 526656 685936 82168 76568 84144 406496 165880 165920 169296 206648 210096 213664 166080
21 0 1 278504 0 427640 586496 737088 126608 137400 242192 641624 454976 939120 405072 423632 373496 115880
32 0 2 787040 389752 0 416384 517952 686880 119176 136400 166120 474208 592976 422392 441656 302872 140160
43 0 3 386408 556584 423784 0 458752 721448 802048 331208 369328 399104 1385056 326120 317304 222248 27840
54 0 4 115720 714888 494480 426312 0 344328 555880 658496 152944 152848 406232 403296 407808 215056 128720
65 0 5 89032 142240 722280 579456 362760 0 321032 582152 679312 157792 397064 397552 380000 125080 114712
76 0 6 78896 126200 129848 687816 511096 250280 0 355656 577480 695616 377080 379800 336048 113920 118528
87 0 7 157432 269224 177376 333392 525320 453112 277960 0 333848 532656 421744 406744 416192 136792 143488
98 0 8 200000 705384 225544 290184 208880 618608 496216 357408 0 442584 403240 409680 395672 155824 151216
109 0 9 206216 470160 554136 237000 226760 207024 630216 501160 429968 0 431680 403288 403096 145520 141248
120 1 0 0 560096 635528 874640 203864 204160 217696 464840 293256 303224 846384 482896 479936 445632 159408
131 1 1 490992 0 287584 532328 621008 149864 148368 141440 421632 234792 174328 226472 204016 214368 176544
142 1 2 694688 242544 0 393704 557496 718288 136160 250616 335904 635752 929168 447392 397496 333984 138408
153 1 3 1091848 529792 341536 0 534176 508104 712856 102880 146864 190552 726824 429912 406072 340240 139024
164 1 4 144736 584280 591640 474432 0 455928 692032 883360 392296 402312 1410464 332576 348144 131376 43688
175 1 5 145256 172064 722720 511328 439296 0 327768 533936 697888 148496 454024 426024 410920 151328 157912
186 1 6 107136 115448 154232 708640 559392 325880 0 375984 639720 721984 429720 431848 417064 146528 140464
197 1 7 496184 173440 252280 169288 723088 527296 292224 0 403928 555256 434464 410248 436736 144304 146184
208 1 8 262568 279960 415984 222104 297744 553504 476168 370584 0 432384 447160 457176 475320 182928 199864
219 1 9 329856 280192 768128 219256 258632 226040 621360 522952 403896 0 471128 416984 428416 178200 187512
230 2 0 0 725184 493088 873808 299272 216368 207768 478544 292920 440240 706848 425256 438576 398544 176536
241 2 1 733576 0 412256 527368 790152 309408 199928 193776 486536 315384 766544 423208 423800 381312 165472
252 2 2 520136 359072 0 337712 497352 588136 102984 103136 104536 405520 169832 197920 191096 179496 168712
263 2 3 857464 645344 243600 0 289448 537392 716864 93032 188064 504560 756880 386752 374512 290672 113544
274 2 4 465928 799056 478424 217752 0 381840 506200 682056 90632 183376 826744 411472 407544 234728 140936
285 2 5 99056 206960 599072 594104 446888 0 391752 693976 849640 470656 1148736 314648 348888 61408 68096
296 2 6 100808 122144 134416 629280 521184 375832 0 342248 387528 508904 408008 411240 384320 155040 157424
307 2 7 446936 159264 145944 149192 694744 583520 312496 0 371952 253768 464504 456976 455488 179248 194808
318 2 8 262160 526584 161304 221008 145152 632720 420552 268376 0 454016 398016 428920 414416 178160 178904
329 2 9 596224 307648 339936 334312 276960 253640 325592 309944 364640 0 441728 438696 411952 189616 205608
340 3 0 0 546784 701888 604544 350712 550832 531328 689856 461704 347912 1703256 390408 396744 389056 145792
351 3 1 516040 0 650880 522200 891752 394688 434992 321808 616016 531856 839064 504960 522456 435360 288312
362 3 2 702832 629520 0 359896 654992 831600 304896 320528 314016 530840 780736 521776 497872 429424 262472
373 3 3 716992 593816 357032 0 417632 571912 593632 167168 178560 171480 250328 263368 249088 255856 246272
384 3 4 393520 839688 689328 375064 0 494376 558832 878584 383224 523176 1131744 478800 469392 288680 220488
395 3 5 645624 330336 788288 508152 408128 0 486056 517568 795184 255928 1007808 474176 490672 242320 232672
406 3 6 369816 351624 342992 637960 686392 453088 0 564320 894232 1045008 1392584 369088 324768 103152 97144
417 3 7 696152 326320 323912 284960 851600 595472 466152 0 509016 671248 477512 487928 467160 247648 252616
428 3 8 410728 723896 354400 341920 508168 715312 636696 433152 0 535128 504328 507528 505344 283144 286432
439 3 9 435904 613944 650024 321320 437888 345848 646144 615760 418424 0 493728 526576 485360 281352 283512
450 4 0 0 596944 555312 897168 281184 339728 485040 595544 427496 423048 459280 520800 515096 513696 287768
461 4 1 632040 0 634352 765200 659544 379800 559048 651184 714920 400504 1698344 432296 437848 370344 171624
472 4 2 713688 553008 0 621888 601160 844648 332224 322280 348056 715808 812080 515368 466688 406104 251464
483 4 3 1059008 896576 515456 0 353008 655792 787344 412872 277640 228440 901832 522464 455928 394000 241032
494 4 4 162456 692976 571128 409008 0 385480 608632 626968 175552 161656 285360 310784 316920 315488 289040
505 4 5 276944 460176 704384 629448 348552 0 460528 706920 998416 448240 950128 488328 487928 216168 234384
516 4 6 567040 497040 301616 709688 589632 399712 0 497224 601520 798504 1118528 507800 484496 263960 255568
527 4 7 502272 625648 444936 377720 706896 737576 578856 0 464216 925536 1448544 399640 387440 132240 142472
538 4 8 387840 789888 428816 329832 327864 769880 705888 375744 0 573992 531128 512264 511920 299416 286888
549 4 9 463768 419520 880240 354152 368424 459960 704160 668904 499272 0 514752 543032 530128 313000 278304
560 5 0 0 531776 655200 850952 582552 340664 356824 676280 460536 438408 490192 554232 528328 545896 281648
571 5 1 632880 0 609312 578952 880320 298160 328424 437872 727280 384608 457984 520000 523888 486712 286144
582 5 2 904192 595336 0 503112 726632 662176 338344 410624 497496 496976 1528424 410352 364376 314808 144192
593 5 3 860320 700952 555472 0 438872 562792 901552 264104 397408 491304 795248 478424 454056 351312 219808
604 5 4 408544 996736 745480 483768 0 348232 701912 893848 414424 269584 951448 478968 474344 293352 207720
615 5 5 160312 178568 551800 492552 377728 0 348848 353880 505080 154264 304360 317016 325680 299896 313664
626 5 6 291640 266768 358416 657112 545120 383064 0 600504 779704 769656 920712 547280 507616 251088 253408
637 5 7 838384 333928 464320 312304 698728 368936 513528 0 468792 366104 1014632 539744 532720 248080 260744
648 5 8 390496 745152 674424 550864 422176 454032 421368 509120 0 672664 1824384 461920 425560 160952 162944
659 5 9 387688 422608 666120 495536 350816 325160 534416 346160 477472 0 572800 533824 578304 303744 319352
670 6 0 0 408344 568504 834224 273472 610280 302224 583240 473168 460704 379744 518256 487088 519728 292840
681 6 1 594048 0 463936 649976 803992 550488 322368 364440 758968 429224 524712 521408 519664 499648 283936
692 6 2 628560 583928 0 453600 593928 738256 251504 279096 333488 738544 398816 480928 458784 382392 259624
703 6 3 1001520 796640 525568 0 566536 687080 623624 316872 339288 357488 1720896 383896 361584 279360 140600
714 6 4 262328 909232 568912 636312 0 432480 592744 906912 350864 646376 932392 494680 501696 330944 254160
725 6 5 499048 420304 859152 644616 462936 0 364600 678992 890040 393672 1161232 506296 447712 211800 213320
736 6 6 170552 177008 173592 667592 531920 373600 0 359184 569128 629600 287528 303496 310672 268984 282088
747 6 7 553752 332536 322480 484448 695280 581968 324720 0 761560 1042936 1075440 512016 545080 252200 232160
758 6 8 546832 674152 331424 504040 421736 710336 625560 617160 0 516352 1032784 498056 512160 263536 256176
769 6 9 347616 580672 753280 553248 764256 457928 759392 776616 606344 0 1693120 399432 424456 140960 157296
780 7 0 0 635392 736088 968040 627448 473464 683872 550592 453168 708472 247208 1821032 388784 358992 122872
791 7 1 571512 0 375680 577128 866568 321000 536488 370520 654424 495304 420248 558784 525464 514360 285456
802 7 2 708240 415160 0 441512 685200 831192 427992 306416 308232 600152 524720 567200 525824 425440 260864
813 7 3 866344 625296 457768 0 612840 590760 787920 224648 258176 259784 535472 500768 474144 372312 238264
824 7 4 598816 967200 800824 524360 0 533656 692880 655672 344824 294280 1751032 389072 386384 243848 146896
835 7 5 373512 294096 842848 560384 570760 0 436200 567064 1005488 477312 852432 498584 480616 245720 258472
846 7 6 682776 458192 314704 825072 629408 427352 0 414792 702928 881776 1234040 520336 503456 212472 221480
857 7 7 566136 201456 188680 189720 594080 514760 397328 0 494408 530456 290704 293016 312664 276632 286200
868 7 8 572768 688408 330488 337368 486280 689816 588608 518088 0 952024 1098584 569888 533584 265096 262872
879 7 9 513968 445920 674304 325256 361472 577512 739904 551536 691048 0 1100240 535384 504936 253544 280736
890 8 0 0 600440 560632 788992 306336 440016 333832 848216 378592 449728 421808 913904 538328 572216 291960
901 8 1 578616 0 697816 785304 982552 626248 406328 654976 497288 394608 338184 1692192 420912 409808 169488
912 8 2 697624 537264 0 399880 608352 803096 276416 440128 286512 593768 415080 506352 513072 437656 253984
923 8 3 888056 669784 407720 0 327608 620504 860128 297832 296104 233176 600384 535464 480776 407616 225192
934 8 4 299240 887072 600496 333320 0 458848 264560 604120 291272 264472 619616 562888 573328 362784 276048
945 8 5 493024 626352 882896 772224 681880 0 484624 358280 405720 310568 1705008 445864 424584 151088 152472
956 8 6 269056 422544 264272 815368 268896 438720 0 480864 420408 1152024 709136 532008 529128 262872 261952
967 8 7 886536 593736 397648 308432 577544 404544 471736 0 462544 674024 1282192 557448 547184 249312 230504
978 8 8 342192 497944 223352 217352 211624 516528 336264 418416 0 374752 333808 374216 361016 330512 317560
989 8 9 483152 495688 681552 332952 342744 352824 782416 714360 761528 0 964688 523552 526200 261632 248688
1000 9 0 0 648192 613328 879800 305328 349264 448416 701288 939824 714184 400024 1263872 528864 546424 250120
1011 9 1 859312 0 544888 556072 781728 289824 445224 346720 841400 409712 429208 1037296 518640 513064 285872
1022 9 2 661104 647624 0 591712 823072 991376 597160 416864 557368 412856 294992 1769208 382232 302224 116040
1033 9 3 880192 659376 536168 0 451016 649840 834664 240944 267152 224656 497608 507568 480768 409344 233232
1044 9 4 220248 846008 657128 418512 0 489208 757008 861008 311704 259088 646144 508808 524632 353680 220848
1055 9 5 307472 312032 742904 584432 401928 0 514472 603792 870616 281896 585816 569264 541368 283056 274880
1066 9 6 459200 548472 671320 855336 741464 379104 0 578512 684872 573272 1811216 392120 377032 121472 121776
1077 9 7 813984 315496 466616 284424 792072 598528 471576 0 558824 857568 674744 532848 545712 265952 259728
1088 9 8 752640 850664 448488 340840 343912 797832 601776 567512 0 503664 1309688 583416 538840 269944 267824
1099 9 9 524392 342384 532624 252944 235632 238232 597992 515928 447096 0 319104 358136 335952 293896 291944
1110 10 0 0 430328 565296 729360 245456 240376 259176 563648 300848 534184 332024 300488 343976 361952 303336
1121 10 1 564112 0 690312 602200 850968 317496 330984 504824 807576 845552 427896 1305992 543024 488032 259184
1132 10 2 898576 543408 0 515424 552976 809264 264432 422904 313376 724568 461088 1016408 557672 456280 273944
1143 10 3 517744 719440 548808 0 517848 753912 884400 672176 480896 483440 400424 1579384 371912 290600 100712
1154 10 4 269704 892192 702952 514176 0 433848 606816 768880 277624 271976 517776 536144 516936 352488 255832
1165 10 5 240184 315008 874904 667824 498200 0 411032 678880 842672 288776 623208 528320 502584 261872 242368
1176 10 6 227808 273264 290768 790912 618528 393184 0 554240 654472 809576 517240 480176 470176 231472 239400
1187 10 7 397104 475664 419352 659248 838616 756640 643624 0 476568 660576 1814288 415848 439424 141168 150160
1198 10 8 402736 931152 388024 426920 339864 706528 575264 416376 0 692088 829512 519776 550360 274120 278912
1209 10 9 739216 959568 799024 338312 362360 368216 617000 651056 624648 0 1265312 518528 510352 266120 262640
1220 11 0 0 696272 734808 939680 346496 340728 359232 571824 491840 374072 403704 1122272 560600 544784 258096
1231 11 1 556496 0 473488 531960 652928 233472 236184 225608 616136 297696 299536 287056 324960 319528 274928
1242 11 2 756616 486688 0 530992 573240 730512 278344 401296 752272 852352 412184 1254608 519624 409008 231896
1253 11 3 1136616 596008 479552 0 509936 261912 592656 248392 438368 244976 541056 931592 497688 435936 236232
1264 11 4 257992 618880 670736 562952 0 571696 460552 717672 675272 471160 416056 1592944 397184 213520 127304
1275 11 5 263360 262592 693768 322808 496912 0 415512 542712 772760 266992 580056 551896 528032 277336 285920
1286 11 6 228256 270984 272968 597128 451920 395296 0 462360 628224 757856 656208 552904 533168 258176 265992
1297 11 7 597520 300152 392112 312288 705208 452904 405664 0 510992 626328 554104 528568 537640 246240 262320
1308 11 8 428440 542384 649464 459224 549752 905280 771640 641456 0 522760 1790128 433888 413672 158344 159752
1319 11 9 469360 390160 903832 314528 332568 310880 736768 538432 473088 0 894776 523128 530184 274296 289328
1330 12 0 0 802408 525840 948840 512024 343824 339520 623088 460384 599664 412720 957048 529432 528088 279328
1341 12 1 845024 0 469832 564432 858824 382024 346424 371952 578896 524152 420056 1328072 547600 467352 259936
1352 12 2 575264 450624 0 393664 442816 686248 187808 183680 195552 511768 286728 256120 300096 287744 253336
1363 12 3 905528 738416 372352 0 540016 557120 846840 286680 481032 768872 457416 1243376 455688 352544 187304
1374 12 4 542352 843008 556104 465120 0 520624 540104 828776 285728 465232 497240 1062928 505856 318696 223232
1385 12 5 213984 342072 699624 666824 576440 0 523520 849328 1011496 618520 398688 1544312 408784 117624 136952
1396 12 6 244344 253792 238720 761008 662080 483008 0 454544 635952 832616 517224 516416 492504 257048 240176
1407 12 7 614440 317048 286416 409424 798424 727272 459232 0 513912 681016 629776 509104 507520 256104 256392
1418 12 8 439776 693384 320448 467224 343376 718368 627632 414208 0 531896 560264 536112 523024 293280 295776
1429 12 9 704576 449120 574104 660856 481096 650552 825104 698560 617016 0 1964128 380792 359064 133720 127088
1440 13 0 0 631352 775912 666984 396648 670448 596032 761936 520320 424064 264944 1739560 384056 393240 145872
1451 13 1 518152 0 784040 527960 865528 410360 455048 332352 593400 523992 442448 952816 547056 471552 297104
1462 13 2 990232 625984 0 390984 566640 798320 420488 315512 336096 521872 447296 1139544 524352 442280 276040
1473 13 3 666272 590432 351536 0 400120 563760 674544 168160 176312 164768 287552 261160 277896 279000 252688
1484 13 4 449968 865664 683704 330608 0 479640 543184 882896 374816 506456 443528 1075832 440136 257640 215992
1495 13 5 672240 344664 773472 591256 406848 0 462696 598424 798232 297728 459632 1038952 484712 248728 251200
1506 13 6 416720 334440 321704 648136 675376 530144 0 545608 858416 1022760 357208 1539496 335376 138392 128536
1517 13 7 709064 308344 297904 251288 831336 616616 536472 0 515832 635616 511504 524720 505888 289288 271320
1528 13 8 457736 748864 379456 355648 493976 712568 635720 440344 0 556320 560056 512992 472824 284208 273056
1539 13 9 457208 623680 639648 305576 415136 345160 652944 627120 415904 0 537000 543072 479888 296176 288288
1550 14 0 0 519136 575648 893344 297096 342328 529936 600080 446312 439528 368568 517656 481896 521976 265848
1561 14 1 635320 0 566216 741872 492864 528072 622904 572424 726584 383912 288832 1735576 397560 349104 154688
1572 14 2 647504 498976 0 581080 296368 649664 330352 448944 353680 797584 382336 933264 478984 426136 267184
1583 14 3 1043824 861376 533848 0 260824 296168 558632 407760 263336 227072 518680 884832 490296 430328 255432
1594 14 4 160848 499864 189224 272336 0 380824 485736 623464 174144 162640 333312 302504 320608 313632 288984
1605 14 5 275104 483224 535736 277248 331912 0 390496 735336 960880 478856 542952 1009824 491648 252296 253104
1616 14 6 514248 474264 282968 515384 525488 397064 0 513008 646496 786944 485176 1038896 461920 225840 212040
1627 14 7 505512 571528 538560 487184 661584 695464 525976 0 543624 854024 409832 1511864 395760 149792 143080
1638 14 8 388376 733160 366752 301632 281592 831000 604400 514424 0 568408 514448 551952 509088 285928 283792
1649 14 9 443216 443608 852504 325360 346256 402736 693832 675304 505488 0 592168 518504 527184 283864 281536
1660 15 0 0 556016 635072 833168 565248 347936 340280 692632 455160 439320 419256 624784 542704 540232 285296
1671 15 1 621704 0 550856 537288 909864 276032 325560 437792 751232 422648 454296 563120 528096 502248 298776
1682 15 2 891728 639480 0 560840 713248 687864 366576 457632 617952 510480 298056 1700936 381736 315640 149024
1693 15 3 889208 660328 552336 0 453760 585768 885640 301800 405536 496056 478256 881336 494088 394536 230856
1704 15 4 432992 969928 729472 475592 0 378816 665256 857592 447936 279432 513264 973528 525816 327568 247680
1715 15 5 167480 186464 611944 551488 388128 0 240256 572560 653344 174184 323576 291120 321160 293680 299440
1726 15 6 249456 265128 441216 734688 646504 256904 0 559552 957032 1143552 535896 956688 514664 251888 254656
1737 15 7 831992 333776 431656 326104 751832 565392 573616 0 486184 646320 510296 1049384 522368 261944 255904
1748 15 8 415376 769856 779824 531824 434600 701056 740856 606696 0 581504 444432 1677416 421664 158968 159328
1759 15 9 410584 439072 661560 525448 349416 298520 859968 670776 484272 0 542928 537968 554776 284752 277992
1770 16 0 0 436128 605184 768344 301624 608664 310840 593936 487816 454928 375448 503632 520736 514360 280832
1781 16 1 578728 0 454016 658528 817608 644392 351504 355312 646184 437880 428576 601832 540648 508488 271664
1792 16 2 617312 562952 0 534616 565464 799416 262992 301072 336440 681800 403104 502832 484232 395504 270720
1803 16 3 1054984 854896 555760 0 508888 675808 694288 320592 390680 413288 385384 1643184 351616 270064 132176
1814 16 4 251104 848432 586728 573528 0 430536 577056 929128 332296 704600 479112 873968 492552 326744 239112
1825 16 5 517376 408584 889160 608776 457232 0 359920 719776 882912 380312 495488 1248104 452624 236016 231992
1836 16 6 154584 175656 171392 643688 526616 350744 0 371720 561016 673184 294952 266200 304496 261528 262552
1847 16 7 579632 315512 285488 469456 739592 583648 353704 0 712552 1058976 553584 1130768 546064 265344 277888
1858 16 8 532024 674840 322512 468680 417448 741216 527512 633832 0 452056 528568 984792 506808 259600 271144
1869 16 9 419296 582856 784824 592800 705272 434744 668040 750640 637560 0 422176 1707664 418592 140800 139008
1880 17 0 0 557328 625696 906928 589760 455672 686360 549600 424800 530704 249512 375840 1617392 381104 121400
1891 17 1 506608 0 328272 382424 802312 282984 549440 333032 542608 431752 419000 537184 556656 540472 311536
1902 17 2 528216 501176 0 394688 464056 694712 401672 301904 292080 548304 443088 636000 515920 413800 252688
1913 17 3 686320 310976 482536 0 458640 632408 796880 227104 247760 247664 559368 600000 561464 424944 304608
1924 17 4 573688 860760 436792 530672 0 506544 665000 657904 335680 284832 388896 1640672 394800 230256 147552
1935 17 5 329224 305088 795488 588400 482376 0 468512 590400 998840 502744 539304 869576 503920 266168 261880
1946 17 6 654920 472088 325048 804184 613880 429760 0 376888 763576 886160 487040 1284800 494904 216384 211592
1957 17 7 599184 203248 198928 191400 552544 497416 405496 0 468112 525544 310248 268864 311240 276632 291208
1968 17 8 561040 686232 341816 315408 394432 832264 575344 527248 0 924960 547056 942888 532424 249776 258856
1979 17 9 437016 387408 648712 312392 347296 569232 774520 547264 638816 0 497576 1004904 491648 257888 243760
1990 18 0 0 524952 543080 785472 284072 470584 330024 806064 388664 432744 427760 561384 899176 551880 298728
2001 18 1 488480 0 628672 790384 973600 780472 466848 680944 514856 442168 310704 418760 1653120 376000 140664
2012 18 2 724880 534192 0 417640 650504 834584 277440 432304 304216 577592 403072 492968 503584 433464 269160
2023 18 3 879304 683056 424656 0 512824 714664 842568 283136 284080 228632 514320 619632 502752 405992 232496
2034 18 4 271984 871240 602520 477040 0 578096 628448 828208 286048 271936 575936 532336 552288 338480 267288
2045 18 5 523464 699200 950600 797176 572872 0 515872 689992 652352 305432 447664 1762640 416296 143992 143176
2056 18 6 281704 416176 272768 824056 530312 503656 0 473552 648672 1140344 547328 707016 522856 251200 251064
2067 18 7 797208 553024 377040 303832 815416 643704 480864 0 464616 736856 536656 1272344 549912 232712 224384
2078 18 8 346640 585912 221632 220120 224656 595536 502664 455688 0 577408 340696 294152 333144 297504 305832
2089 18 9 463528 421768 669824 307232 332328 353344 835448 707080 693176 0 563504 1225400 561216 274696 284072
2100 19 0 0 675536 599368 787168 311552 348824 406448 688920 968560 434088 422192 561312 1125192 554904 251984
2111 19 1 873080 0 504496 544336 749616 299352 454200 343256 774200 363824 452736 529800 1064760 528512 281760
2122 19 2 642496 580288 0 597856 796376 918416 645920 411392 510792 371568 295632 398488 1674888 289384 127832
2133 19 3 879048 714792 436000 0 455584 652648 868928 291072 317088 292128 460688 491656 465808 386440 213456
2144 19 4 219288 881768 709208 460352 0 491760 674696 874968 306864 269488 516528 597704 522632 331864 231472
2155 19 5 275056 298296 754960 614040 428216 0 528544 676320 887192 239040 557624 545928 525376 255448 259128
2166 19 6 467000 518896 601856 869216 786056 516608 0 533072 718528 521224 416384 1774960 373152 113176 117512
2177 19 7 850168 316160 485928 284448 761600 587032 552480 0 546680 750832 574080 664880 586504 257352 269608
2188 19 8 807960 946256 461176 340208 334288 797592 616056 584808 0 462832 559320 1273376 555024 242968 252960
2199 19 9 391584 271904 489480 174920 179864 189656 583784 514008 370800 0 330168 297520 351608 284928 303392
2210 20 0 0 392912 238272 550360 228728 238616 249400 486920 311680 485520 342584 354440 306176 350216 299744
2221 20 1 486600 0 555792 430344 781368 300664 304208 541488 704528 812544 409968 505128 1355216 458408 220704
2232 20 2 577288 515328 0 463784 584872 778528 262312 452664 281032 547328 428856 525936 922160 427472 248720
2243 20 3 360160 349328 503464 0 444056 774072 831808 627896 468016 470296 424784 421040 1763544 318200 123800
2254 20 4 300264 795816 602064 527040 0 443560 572280 749112 289416 284408 487184 479600 528944 322784 236336
2265 20 5 221064 275792 835944 664800 495136 0 413920 726576 836520 284376 555016 601712 499208 259168 248552
2276 20 6 217760 268448 256680 783272 585200 394784 0 514608 680808 820064 483408 500032 472192 228840 233192
2287 20 7 394360 476512 446080 588288 794496 742176 655224 0 552184 685104 409256 1727424 383520 126560 125840
2298 20 8 329640 938896 353504 445368 311600 757712 585296 426128 0 716424 510920 812160 491136 261088 254200
2309 20 9 752568 842456 702024 265424 372864 337512 686392 675680 613808 0 541768 1033016 511024 266048 260272
2320 21 0 0 696920 779176 994864 358128 358576 368488 578320 489808 384736 409704 577416 1132440 561104 276936
2331 21 1 533552 0 464264 501192 707104 237456 229944 230344 579120 303144 318568 333112 294320 331048 290424
2342 21 2 790144 439368 0 501384 682920 855272 278976 399824 714776 903016 400024 555304 1293944 431392 242792
2353 21 3 1156032 658200 479248 0 497032 633120 809288 253088 433056 226416 514024 536520 886576 421832 245256
2364 21 4 260264 684976 697712 570096 0 515832 798960 938600 695776 527488 416704 430440 1554576 213672 124744
2375 21 5 274456 278424 796216 600160 557120 0 292128 652976 841872 240480 544880 570848 559232 284504 269240
2386 21 6 244088 252448 294720 861760 716720 329360 0 464176 676648 817120 511816 647096 532744 252312 250000
2397 21 7 611976 298976 389024 290624 776936 648928 429344 0 535728 704992 560240 544136 551464 264464 266360
2408 21 8 421784 500376 661480 466856 606848 839744 747256 718736 0 510720 434248 1822920 426016 160232 161432
2419 21 9 483664 404952 935520 363904 337864 328792 733896 572032 479064 0 570832 902184 561432 287728 293232
2430 22 0 0 822448 524600 973760 523512 360192 335752 664096 428360 599872 364480 506152 883616 475248 237400
2441 22 1 794744 0 518624 578176 866224 427000 335080 375032 521040 395864 404208 492288 1323024 482632 242512
2452 22 2 551288 481992 0 431792 492648 645104 184704 182200 168240 502912 268888 286624 243216 276624 255592
2463 22 3 890368 731112 388600 0 525936 585856 838104 300072 260848 387072 478616 501432 776088 394688 224552
2474 22 4 531504 874744 599024 458968 0 507760 565480 828632 208112 361648 466840 485272 1036840 316384 211696
2485 22 5 227784 327480 705056 695184 566216 0 481160 806096 895952 628928 379256 392328 1532240 110016 110960
2496 22 6 216944 253392 237040 765120 636040 496400 0 439376 585904 799376 470288 488288 480496 242848 241048
2507 22 7 616672 323576 305944 413792 839328 715008 416096 0 349928 629352 537024 584984 546376 243352 231600
2518 22 8 332904 641296 283248 254448 267320 715144 578688 274184 0 533272 477856 539952 491504 261512 266040
2529 22 9 774896 347336 452872 408328 409904 521576 833656 713184 480152 0 386600 1855240 365320 121384 125720
2540 23 0 0 505064 582736 699320 359112 572648 548136 723464 460944 368512 236032 370872 1807632 385400 137656
2551 23 1 466848 0 490552 496488 869744 333480 438488 290256 589928 480168 401896 498120 935864 450480 265616
2562 23 2 673904 398224 0 352368 526656 755216 494520 284224 301424 479640 423152 537392 644808 444440 285024
2573 23 3 680272 598640 362544 0 387632 570528 633880 175168 158600 155872 268656 254432 238520 252976 243008
2584 23 4 342152 787520 653536 367760 0 451960 559048 872400 385384 457120 437160 443912 960080 252816 191704
2595 23 5 571192 289896 765904 509328 416976 0 525448 560448 824368 260032 441304 472848 950264 219040 213840
2606 23 6 383616 363136 314672 629344 678584 577416 0 551744 900184 1039912 340184 377616 1569880 102264 112720
2617 23 7 702128 315992 275456 246760 760800 571520 514536 0 527024 648408 479960 481840 474456 249768 250464
2628 23 8 361336 681152 334376 364832 489808 711536 646176 448208 0 537520 463456 592064 494072 248120 251288
2639 23 9 435792 561224 623760 301888 398592 333872 654208 616832 423912 0 473200 526232 469320 257496 260016
2650 24 0 0 606480 547680 882968 294424 334136 486472 626024 430592 397928 409480 514272 539464 523088 276592
2661 24 1 659112 0 592472 772288 708520 425464 567744 633480 704480 387768 334800 412352 1792968 367528 166024
2672 24 2 689160 530400 0 583024 559400 896544 327792 429872 354936 852856 376712 493848 880936 393656 263288
2683 24 3 961424 882776 516968 0 340912 652216 795792 427696 285376 257704 527008 511384 809728 396568 258904
2694 24 4 175552 659864 567608 409112 0 381640 604888 621056 168968 185424 306392 292320 278184 291536 271768
2705 24 5 268832 449808 770576 656864 369608 0 448760 733208 1007416 419688 520560 526824 984352 229264 244720
2716 24 6 537992 425000 301472 766384 553216 412872 0 485368 655672 810552 493648 481272 1071936 245360 245400
2727 24 7 502040 694088 433824 370664 677288 715896 563344 0 551336 886096 410848 396232 1531344 132240 134672
2738 24 8 373008 814456 420200 317480 282208 833736 595688 448744 0 589456 507296 545408 545056 285104 289880
2749 24 9 451856 421936 834048 358728 352360 465272 738600 653688 496984 0 529288 634392 542448 300312 287640
2760 25 0 0 508648 629376 812528 619848 338688 349912 690160 415480 437824 394856 525272 588968 530928 255280
2771 25 1 616256 0 502520 586856 827400 289024 327744 412456 700600 386112 423296 494216 514216 510848 278424
2782 25 2 938472 530496 0 532760 722008 698712 375552 458608 588400 516136 277920 402352 1697440 301304 133648
2793 25 3 893264 671736 521104 0 459648 596120 899128 270960 379128 467808 478336 450424 709664 364432 233240
2804 25 4 451264 994128 719952 482776 0 357248 692000 821632 381752 253576 457368 471464 955328 297776 226880
2815 25 5 167984 177888 603240 552368 391336 0 366536 569696 693776 164440 279032 294768 250640 263992 261160
2826 25 6 268808 264552 416136 719784 622464 374776 0 408512 592976 965376 559016 539768 700904 267600 248912
2837 25 7 804320 307560 411392 276224 689960 503224 430352 0 464104 370520 508208 502096 1072888 261376 267648
2848 25 8 354144 683368 711400 461296 366616 628080 667976 539912 0 534904 419840 451536 1609968 139336 147112
2859 25 9 381608 443368 635960 431896 315896 290736 694584 387448 404288 0 508112 530464 596424 309528 291464
2870 26 0 0 361760 595384 791616 225680 321800 254712 568904 441584 396160 360768 493320 474480 533888 274328
2881 26 1 528368 0 429024 640160 818176 394184 299096 319288 703432 381688 404472 499976 616296 507856 267208
2892 26 2 541952 528672 0 504792 593952 817920 271288 288368 353160 695680 386864 474248 447592 388216 262464
2903 26 3 1002600 871432 542968 0 411064 719152 691160 313536 328896 348440 394240 367216 1746528 262464 127824
2914 26 4 227200 796280 559352 568096 0 400496 555312 923872 361560 697072 465112 481096 863776 302696 215976
2925 26 5 288272 287680 855128 586944 468280 0 338936 675224 895448 444680 506944 499160 769936 225880 228176
2936 26 6 159808 164080 175528 658344 493432 391776 0 368288 565304 680592 284176 265664 245360 247472 250000
2947 26 7 575672 298784 327680 475312 720800 584048 336568 0 799048 1114200 513952 517920 1115016 246384 231584
2958 26 8 434968 635016 307504 519928 394160 774232 569384 669728 0 387632 510384 508512 1020552 241456 256192
2969 26 9 348856 528912 770032 582408 706888 433496 693464 761368 575920 0 400152 386480 1674288 135816 128400
2980 27 0 0 599576 753712 998192 674648 458408 724208 561440 423176 622208 257720 368960 366328 1790480 114240
2991 27 1 595312 0 424704 593112 836080 309016 612344 352736 647512 492800 421776 534776 548368 535720 310352
3002 27 2 718320 525880 0 434848 670896 849752 443080 295096 314120 606680 409624 510976 611048 424808 252792
3013 27 3 867208 640480 439816 0 559008 640632 778576 236376 267064 251568 529768 509400 480328 398000 243880
3024 27 4 651768 992888 797088 541968 0 512160 675336 646800 336088 313744 389672 380024 1651824 214024 141440
3035 27 5 423296 294432 816608 588080 527464 0 343328 615400 1006400 512760 529984 498352 848744 259728 261680
3046 27 6 693928 467240 324424 811912 628968 337296 0 382112 726928 897280 535048 533000 1371400 217992 218920
3057 27 7 564944 209792 189216 182560 621344 502616 412536 0 490760 497720 318640 314616 269840 279016 273608
3068 27 8 454144 692688 342016 314864 473432 707480 553024 510992 0 902824 587208 546448 1236664 271344 265784
3079 27 9 447496 457960 682344 336600 345160 588936 830496 561264 667672 0 494280 516080 1058992 247968 255136
3090 28 0 0 526632 612576 815176 293096 466032 339552 819832 394816 442864 410272 539560 516968 886776 262360
3101 28 1 529880 0 667976 739824 939200 659784 481128 794184 503696 379800 350304 422528 435248 1582920 166544
3112 28 2 736392 579040 0 426776 616120 827120 246168 419872 275168 569400 428064 516848 526016 467392 281048
3123 28 3 878736 718040 440464 0 501240 700120 827912 216968 257032 220712 505096 520512 554048 384776 223360
3134 28 4 276064 853360 638056 478760 0 580336 605688 769000 280944 266568 539848 485160 528752 328728 232376
3145 28 5 483816 657240 928920 759208 582192 0 519352 619848 392800 302856 417592 414792 1700152 145136 134968
3156 28 6 265688 438320 281992 777216 517720 486464 0 466720 329312 965920 563904 554336 653352 269632 278112
3167 28 7 917888 631664 367984 261048 756200 606136 460608 0 316248 352304 555608 550448 1273584 250488 246912
3178 28 8 342976 472544 230072 219312 216888 450704 291896 315896 0 360776 328920 346024 310720 315104 320520
3189 28 9 416784 440224 658248 304264 318368 295848 529896 311088 722432 0 572584 539712 1118480 283408 276712
3200 29 0 0 617280 559280 775032 276568 320056 438152 684752 924832 654600 388496 563000 543480 1244856 238792
3211 29 1 794584 0 469528 594528 790696 283064 448744 334664 854648 399136 448256 510728 538352 1036408 270328
3222 29 2 613896 649856 0 582640 787520 945656 664824 407696 501896 402232 288248 405224 385144 1634160 119896
3233 29 3 820216 676240 525616 0 444888 629696 841264 253864 268088 203632 500872 485344 487024 422640 244808
3244 29 4 274136 873456 708256 456696 0 456032 710136 846048 306744 251800 549000 523872 643576 334168 244896
3255 29 5 296712 307632 820232 630080 455984 0 532856 675896 887744 279536 536880 534016 529512 245888 260728
3266 29 6 443776 553672 631088 890496 801816 490864 0 536304 690680 562016 398792 407448 1730048 106544 113648
3277 29 7 794296 329232 527968 265696 779576 568656 440136 0 541560 839744 532816 533712 695472 266736 268096
3288 29 8 707656 921624 457944 345536 340888 795088 609040 592280 0 483032 561376 545224 1230408 266464 255536
3299 29 9 520592 330248 472352 238496 228312 212792 625544 509752 416992 0 336656 333960 285712 298408 292416
3310 30 0 0 414656 564264 721992 210088 229552 246184 530632 285712 547424 334088 365608 344120 312400 291520
3321 30 1 530808 0 605528 605032 820520 282280 334896 537512 790056 973600 452152 536640 543128 1322152 255256
3332 30 2 860696 544504 0 470760 542832 741360 239160 479856 313624 718264 436648 536408 568088 845224 274200
3343 30 3 489920 691072 565480 0 507488 836312 921664 641944 509952 481864 405440 392784 396248 1610488 106472
3354 30 4 267408 908624 660688 564600 0 425184 594736 770704 274424 275960 468840 510944 517480 364744 248016
3365 30 5 258992 324056 874936 687936 482968 0 423496 710144 811968 287400 536536 544800 586336 241992 238696
3376 30 6 230304 269728 299568 832960 633328 405968 0 536752 671168 809488 490608 478048 485952 231952 239544
3387 30 7 438896 511976 415032 715288 837248 733144 622648 0 544936 646936 401152 397120 1793976 118360 119104
3398 30 8 409104 1031640 375256 423232 327616 767080 570376 451360 0 647104 503392 521064 786768 246688 273144
3409 30 9 678360 949816 830072 437064 365128 342536 624800 597200 599944 0 561256 521680 1263504 256192 269904
3420 31 0 0 704816 766680 964168 315504 344824 336680 521976 394224 338928 361920 525024 531576 1120616 236616
3431 31 1 576256 0 357072 492920 806560 228928 226264 205376 488648 290752 259320 283264 289072 220568 243728
3442 31 2 820920 364832 0 536536 637744 819472 246464 301344 532824 789296 367280 491320 469032 994408 189728
3453 31 3 1161528 581768 429016 0 659056 569704 823568 195104 282288 170680 463608 452752 445976 703816 182744
3464 31 4 247808 666328 741328 635992 0 492616 532640 482232 365560 204656 464432 472024 455632 1110968 168184
3475 31 5 263920 274872 734680 577928 568560 0 365096 256536 633032 242072 533632 518936 508840 245072 249712
3486 31 6 231736 251712 255696 723952 566664 410832 0 385696 403280 621656 521392 519792 597960 239216 253256
3497 31 7 507424 207728 324968 227904 441040 282368 353992 0 455504 609776 504392 507800 536360 215656 220128
3508 31 8 363184 453400 489552 383344 471256 623080 449944 502208 0 371912 371376 386512 1745424 114408 112664
3519 31 9 416416 310464 837008 290128 260944 278240 629720 509312 395360 0 513056 498920 763392 250736 257040
3530 32 0 0 711496 482384 876392 235960 215120 211456 568608 339016 490640 276480 394928 403752 744976 149296
3541 32 1 686224 0 344712 499888 774168 200544 215824 245544 450912 409264 301704 412992 409200 1073704 141864
3552 32 2 466400 396736 0 280000 435136 644672 106704 110384 108040 480440 171112 181816 186208 146144 152936
3563 32 3 819792 614048 288976 0 251976 486368 685672 193416 304088 553320 330832 373680 326176 930456 83792
3574 32 4 143520 699440 489856 220864 0 288136 424688 731344 190864 340000 423376 423512 428936 402784 151376
3585 32 5 166432 174192 416400 491560 315064 0 277584 483952 698560 376640 426720 407544 431216 148320 153512
3596 32 6 183648 145552 99160 611448 522176 272072 0 320072 569440 793968 384768 387080 393512 129528 139584
3607 32 7 532472 186744 160720 263608 651240 570312 318328 0 362864 611032 404408 414552 512128 152160 138448
3618 32 8 364848 572304 224088 338456 213040 573080 515928 353736 0 482544 384872 412472 442160 171744 166720
3629 32 9 572416 314592 446448 424104 370600 422088 783648 673808 519696 0 298936 306632 1857560 48648 50696
3640 33 0 0 524336 748552 674592 300200 397400 470152 651872 437888 304000 171928 319416 308616 1697936 64568
3651 33 1 475456 0 598880 510000 805512 234208 198064 210184 562888 432832 283408 399056 377208 764696 158392
3662 33 2 932592 581328 0 241032 541816 718616 164928 193560 192280 399424 291200 400312 398728 745104 145376
3673 33 3 644400 517584 270128 0 302168 481848 625520 94936 101776 96280 193320 202768 200288 161408 165832
3684 33 4 377752 694864 540208 251504 0 338560 443936 731944 284600 394424 355208 384128 380120 704952 119584
3695 33 5 313968 142792 634648 478000 275872 0 143360 457752 708224 174952 396616 400968 380080 314640 166776
3706 33 6 315664 139008 118456 376496 525936 149408 0 284088 503888 680904 365376 385248 363216 136576 133960
3717 33 7 675128 196288 154736 129312 661256 505032 262952 0 369896 599728 357640 381400 369752 140064 136880
3728 33 8 352088 601640 216728 212048 333712 566144 498808 314248 0 421840 363760 394136 457480 155664 151464
3739 33 9 361288 525872 525336 203952 307832 216472 541800 520400 334264 0 383656 414848 395184 173120 171032
3750 34 0 0 599336 499912 821296 220992 187800 169864 397832 188136 183952 206424 311024 280752 325080 80320
3761 34 1 602784 0 571872 662584 666912 232992 157440 119352 336400 150248 190864 304272 293872 1044704 47096
3772 34 2 602336 573992 0 482304 423792 617512 106584 93472 104856 408288 187048 281712 285472 210584 68904
3783 34 3 883496 865480 395104 0 194520 244448 342208 66984 72448 68000 313096 318512 286320 568240 55672
3794 34 4 96320 675184 478320 334616 0 299648 121040 355816 75304 71352 113304 108944 109504 85400 87080
3805 34 5 141824 196480 593816 265792 216496 0 117792 72752 281040 38576 366464 343104 355016 94400 98008
3816 34 6 90816 70200 61152 341576 61616 78384 0 78096 43784 281536 353568 326920 331912 211960 108424
3827 34 7 332192 81936 71984 70192 105216 81776 22080 0 74184 18856 361248 369528 337288 98280 101440
3838 34 8 162504 397336 63672 60256 35928 305824 45856 44296 0 83984 327480 352976 332096 98760 109312
3849 34 9 217704 163928 342752 66888 71280 38152 249392 40096 44936 0 331072 343304 435048 96648 97200
3860 35 0 0 66872 65400 368112 2432 64 1360 263128 42656 76256 126504 253960 247080 355224 0
3871 35 1 128080 0 61000 63584 356392 88 576 2984 308336 37600 141248 229344 233808 226232 0
3882 35 2 16120 86000 0 22224 44464 39240 2328 768 1544 225616 148576 266224 222112 198192 0
3893 35 3 465792 65928 109504 0 79704 32 299088 3536 784 2080 244888 256224 240248 138280 0
3904 35 4 2456 326824 5408 110216 0 104 47568 298936 888 416 249688 267992 276560 103232 0
3915 35 5 872 2512 292504 42184 88128 0 68872 49320 311552 832 22288 26760 23952 0 0
3926 35 6 1712 736 1648 265184 35040 32 0 47112 46128 277192 300592 283720 253880 0 0
3937 35 7 293872 1392 632 2936 289592 48 81096 0 56008 45464 234968 254032 240008 0 0
3948 35 8 42568 231720 1128 592 1296 32936 42824 24256 0 61696 283840 291384 264752 0 0
3959 35 9 30144 48640 297552 2048 744 136 294064 38080 72520 0 228184 225672 273944 0 0
3970 36 0 0 17504 70928 336912 1304 784 288 287912 5720 85480 100504 227112 197488 238376 0
3981 36 1 128680 0 30944 68176 334432 1632 72 2280 317416 9672 140968 223848 247056 288240 0
3992 36 2 7024 132744 0 11616 46440 285200 264 904 1544 298264 135080 202336 206536 131288 0
4003 36 3 315536 7224 62008 0 15728 34832 42120 752 440 1864 244016 249160 227840 165976 0
4014 36 4 2648 429064 3960 161624 0 35600 24 314256 1376 160 241064 249232 238512 71136 0
4025 36 5 544 2248 305272 6104 106576 0 96 51016 300056 584 271640 258680 231784 0 0
4036 36 6 1248 936 2432 298208 6200 66544 0 59808 48968 295240 27816 29408 25440 0 0
4047 36 7 259512 1032 640 2480 284864 11976 96 0 48352 38144 300576 260760 284352 0 0
4058 36 8 48552 280032 1192 768 3224 324192 600 88016 0 36480 251736 250160 257008 0 0
4069 36 9 752 28968 196736 984 440 600 39184 42544 31312 0 262464 240640 261144 0 0
4080 37 0 0 44728 55832 343264 832 376 1112 40312 18568 17856 120512 249048 262808 248472 0
4091 37 1 74712 0 62824 66880 352752 1160 904 120 296856 15824 122792 236608 217680 216160 0
4102 37 2 20448 110512 0 55528 27896 305192 1984 216 1408 306360 154832 280400 244384 169136 0
4113 37 3 392960 6392 92184 0 62040 49712 321928 232 440 992 256120 263664 236744 147368 0
4124 37 4 968 291384 5544 104704 0 27352 39448 42536 688 96 248432 235304 257752 80720 0
4135 37 5 360 720 321720 20792 54576 0 59616 16 312688 664 264256 253008 240104 0 0
4146 37 6 1000 904 2904 306800 6488 51888 0 11792 49304 332024 286472 293272 285112 0 0
4157 37 7 297880 1664 1088 3032 315672 16344 93592 0 50776 53128 27736 39712 29528 0 0
4168 37 8 49496 290176 1832 816 1480 304712 27768 32 0 54768 280792 268072 251632 0 0
4179 37 9 43688 48592 304512 1368 480 1048 321112 1616 69912 0 266736 257912 255928 0 0
4190 38 0 0 88760 53400 423752 1824 568 2280 311248 5096 52288 134152 274624 252496 263968 0
4201 38 1 67776 0 112376 53608 332240 1040 704 2024 31568 14360 174368 278736 258448 254552 0
4212 38 2 34920 97440 0 80072 50696 321624 3232 1168 368 315000 144536 245544 233904 172032 0
4223 38 3 380504 19232 67936 0 123656 44392 329720 3392 104 1536 281432 295112 258984 166544 0
4234 38 4 1816 372528 18264 120960 0 91064 39328 326296 160 368 296392 261744 285168 88576 0
4245 38 5 312 2096 226208 9272 94232 0 42648 42864 39928 968 285248 275920 269512 0 0
4256 38 6 1536 688 1736 308656 14512 25280 0 82112 56 328912 305640 270592 254784 0 0
4267 38 7 322312 1696 1176 2832 310672 13472 58392 0 32376 44888 303944 299432 299432 0 0
4278 38 8 49824 341624 2056 1168 3392 333440 45088 95152 0 70064 36776 37352 35912 0 0
4289 38 9 66208 45552 313392 2016 736 1168 309880 42040 40 0 298408 270568 260152 0 0
4300 39 0 0 109608 58688 411664 3648 720 1592 304320 42984 48 143272 289960 267424 282472 0
4311 39 1 115096 0 85080 60408 382768 3096 1136 3800 301272 39760 185296 250392 245296 239840 0
4322 39 2 49976 62920 0 58912 32144 283976 1696 544 1688 2424 170632 268088 263080 166024 0
4333 39 3 390048 52632 77200 0 119872 41608 321368 3376 864 256 242336 248048 243712 165856 0
4344 39 4 2512 362736 39336 110432 0 96128 52088 327920 2856 200 294968 277880 289504 110584 0
4355 39 5 704 4040 311488 40472 89888 0 68400 45056 334600 1360 284744 278952 269936 0 0
4366 39 6 1936 656 1752 211136 35496 43000 0 52296 37976 34384 288544 291728 265720 0 0
4377 39 7 301256 1712 944 2480 304688 41520 37056 0 68728 40 297536 271816 290872 0 0
4388 39 8 48080 276184 3376 728 2920 320952 36904 82440 0 47000 302952 290856 294448 0 0
4399 39 9 71112 49368 289616 3296 760 1656 324456 39648 95680 0 41928 43072 39496 0 0
4410 40 0 0 133608 54480 440984 3168 936 1984 306688 47184 67928 25640 42136 43360 37720 0
4421 40 1 60224 0 126584 63808 364328 3144 1208 3456 261360 48512 174880 277096 308592 237152 0
4432 40 2 104 75400 0 75216 39952 343520 2640 976 3864 299392 167904 272376 260640 154768 0
4443 40 3 46936 53824 45568 0 89816 36760 216976 2624 704 1648 293624 293768 280648 184432 0
4454 40 4 1648 344656 46960 104344 0 97488 37048 277048 2368 856 245856 251072 265616 89376 0
4465 40 5 136 3224 284272 44888 89984 0 76240 44000 280000 1208 296304 286168 257112 0 0
4476 40 6 192 696 2536 317928 41496 48544 0 87736 50784 297656 260536 231048 215264 0 0
4487 40 7 1352 400 304 2296 218144 10360 46256 0 42880 35976 273056 268504 266400 0 0
4498 40 8 38720 338104 1384 792 2952 296600 47880 45208 0 83144 252328 260056 250064 0 0
4509 40 9 32 47280 296480 1200 600 2192 278064 41248 74296 0 304736 271968 262128 0 0
4520 41 0 0 80 58728 408864 1384 808 1560 292432 34528 53056 146776 293008 298896 286400 0
4531 41 1 89744 0 123304 60368 377528 2624 1264 4032 282656 44296 24304 38336 42384 42488 0
4542 41 2 53776 42816 0 81592 26896 326400 2904 1000 1672 273264 165784 323688 277000 187264 0
4553 41 3 412536 24 87560 0 130328 48296 327496 3088 912 1216 276264 297896 243912 182856 0
4564 41 4 928 60696 39120 89888 0 84184 17624 244528 2160 592 286136 287088 290560 96912 0
4575 41 5 896 312 309048 45128 80424 0 76720 49464 302032 1544 270616 272688 262464 0 0
4586 41 6 2792 224 2272 312000 42096 53248 0 80960 45424 283208 296816 288464 252104 0 0
4597 41 7 331184 344 728 2032 300360 49840 65960 0 106224 47384 281440 250608 276136 0 0
4608 41 8 45288 33136 712 448 712 237864 33376 85680 0 39768 262576 272904 282928 0 0
4619 41 9 86600 8960 333512 1136 560 1360 314304 49104 42856 0 256672 239696 246824 0 0
4630 42 0 0 125656 1128 430424 2088 704 1640 296504 47344 32384 142352 251080 260920 239728 0
4641 42 1 72568 0 72 20496 406488 808 1192 1200 288840 15064 150760 254320 279112 221032 0
4652 42 2 62320 50928 0 90120 11088 328800 2664 904 1752 282888 18328 32272 26552 19072 0
4663 42 3 417920 67272 14600 0 129256 6688 329160 2520 888 1200 252520 277448 254224 172336 0
4674 42 4 936 326560 48 82480 0 98336 2856 334504 3064 360 273120 271848 281968 97584 0
4685 42 5 384 584 38256 35992 53920 0 67720 2752 228112 424 270960 242960 278120 0 0
4696 42 6 2208 1136 224 296600 42312 39192 0 95080 6808 307576 235128 253960 238976 0 0
4707 42 7 294504 2256 128 1472 279112 48360 44296 0 91232 4024 270168 254136 279336 0 0
4718 42 8 31816 322528 224 1176 1328 268984 48376 32392 0 98064 227080 251432 225408 0 0
4729 42 9 11664 6624 42512 856 456 256 228784 35768 36824 0 264704 239568 238192 0 0
4740 43 0 0 15584 45696 54184 1016 392 1024 210752 11272 18584 106000 233296 252736 237488 0
4751 43 1 28728 0 129688 1088 349752 2128 968 1248 243520 48704 120840 227816 228712 167920 0
4762 43 2 27256 36696 0 48 3648 293160 2296 808 696 243456 150152 252512 246704 172624 0
4773 43 3 378344 61432 44368 0 129232 6648 285840 2176 696 1072 29288 26256 28128 14136 0
4784 43 4 1232 354456 43112 208 0 104760 1088 300016 2848 600 241416 261224 253656 74232 0
4795 43 5 392 728 272944 8 31016 0 69304 14792 294088 800 241512 243688 242600 0 0
4806 43 6 976 384 1520 41592 36376 13408 0 74696 968 230624 225784 255056 228512 0 0
4817 43 7 306328 2000 968 336 277528 52912 35912 0 92176 18080 209696 221256 225760 0 0
4828 43 8 8136 266144 1272 136 1200 254624 45552 11744 0 91776 213224 214704 231360 0 0
4839 43 9 79232 8896 279336 120 608 888 266728 39688 14528 0 221200 237848 194704 0 0
4850 44 0 0 105328 49288 348592 184 440 1576 267544 49352 45160 112832 236208 218792 238592 0
4861 44 1 68272 0 36520 58896 53696 808 880 3152 225384 16512 154912 248840 260368 185976 0
4872 44 2 49608 53656 0 73872 152 276064 2064 744 1928 269496 107016 227872 216376 152136 0
4883 44 3 352056 6344 55632 0 80 43152 287376 1656 520 1192 256536 256696 234208 162080 0
4894 44 4 1760 358456 43808 106904 0 92272 42680 288584 2816 576 29208 26720 32384 13760 0
4905 44 5 384 1776 264648 49400 168 0 71360 41776 251536 872 268776 253744 248888 0 0
4916 44 6 1152 688 2856 271888 96 34208 0 87488 46048 265104 247976 249648 228496 0 0
4927 44 7 216264 1184 544 1152 47536 53464 17920 0 74064 24224 266512 261224 247072 0 0
4938 44 8 41408 281648 2072 904 152 271168 51408 42504 0 86424 228928 228784 232904 0 0
4949 44 9 76832 38472 246928 1488 40 1256 251168 41728 38432 0 235072 245056 228472 0 0
4960 45 0 0 63504 55520 345744 2592 80 1560 259072 39120 75568 128456 252552 241464 283400 0
4971 45 1 133728 0 67368 66432 352592 152 920 4864 299040 38712 143952 232464 225592 211424 0
4982 45 2 21936 85464 0 21168 51808 44096 2240 840 1376 240088 157168 254504 225824 166784 0
4993 45 3 376680 55192 67104 0 67824 96 297000 2904 680 1200 244432 249856 243880 131608 0
5004 45 4 3384 336200 6104 115640 0 80 57408 308856 856 576 267832 287360 267288 82456 0
5015 45 5 736 2480 304816 43592 92976 0 65512 46712 316296 816 23944 29680 27184 0 0
5026 45 6 2312 728 1656 268040 35520 64 0 50280 42712 270336 295416 280392 250016 0 0
5037 45 7 297696 1280 592 3264 301632 40 77616 0 50128 52240 236984 253544 258856 0 0
5048 45 8 40792 219832 1088 560 1072 36448 39352 30696 0 61224 279432 281552 268704 0 0
5059 45 9 31016 49136 299568 2736 744 56 285056 44744 79448 0 250672 212904 278840 0 0
5070 46 0 0 17208 63112 352216 1432 992 264 307048 6152 82496 91680 216720 212168 250448 0
5081 46 1 127592 0 26896 70136 349456 1760 48 3232 320480 10048 139728 213648 240936 226248 0
5092 46 2 6016 123400 0 9160 50112 287712 328 896 1728 297448 129744 222840 198840 122520 0
5103 46 3 309776 5240 60096 0 13128 38824 43008 720 360 888 243832 233840 234272 138304 0
5114 46 4 1656 353752 5880 125704 0 32656 16 300104 1240 248 250808 232552 243768 78544 0
5125 46 5 520 1968 302720 6432 98120 0 32 47128 301048 656 262048 248040 255160 0 0
5136 46 6 1352 1072 1976 281704 8232 75096 0 54848 50952 317848 28568 25144 26064 0 0
5147 46 7 265872 1200 600 2624 281248 10496 112 0 54504 34296 291144 276552 280096 0 0
5158 46 8 56728 287272 1312 1032 2536 316552 112 91592 0 31984 270504 246672 255648 0 0
5169 46 9 816 29416 210968 760 384 792 36520 39336 35320 0 271640 244800 261680 0 0
5180 47 0 0 43736 60440 349680 736 480 1104 39664 20808 21928 132000 247448 252424 252184 0
5191 47 1 72232 0 73072 59480 365920 1792 896 280 305096 13920 124000 228896 223160 215432 0
5202 47 2 25224 110176 0 50264 30120 303768 2144 144 1184 298576 163904 264416 266000 164408 0
5213 47 3 378680 9168 83288 0 63568 49376 325480 96 480 1128 265936 267336 222464 134080 0
5224 47 4 768 299440 6968 109264 0 30792 32952 39416 640 304 244024 253872 246872 88872 0
5235 47 5 560 928 313920 17808 52952 0 62744 16 332792 688 269056 254328 228952 0 0
5246 47 6 1064 800 2200 299368 6280 53448 0 14672 45144 319632 280264 281920 293736 0 0
5257 47 7 316448 1624 1160 3424 313840 15184 88064 0 59040 53720 34624 32272 29096 0 0
5268 47 8 43016 276200 1672 968 1104 296016 30392 48 0 49856 289040 286624 263224 0 0
5279 47 9 45584 48496 317600 1688 376 648 311304 784 72712 0 252496 261584 244768 0 0
5290 48 0 0 82800 57312 430960 1648 680 2304 316168 8512 55936 136240 272016 250768 265960 0
5301 48 1 72040 0 108624 55192 348488 736 896 1736 31104 15584 167864 266184 269688 255944 0
5312 48 2 36472 92432 0 84464 49912 325864 1976 872 200 314224 150936 239192 245496 168600 0
5323 48 3 379536 15672 69528 0 124560 41280 325984 3408 136 2560 277496 311232 269016 181504 0
5334 48 4 2384 369920 16576 127864 0 81608 40808 328544 336 504 310600 277824 274056 80176 0
5345 48 5 328 2848 236712 11032 90408 0 38904 43288 43344 424 273008 276152 285736 0 0
5356 48 6 1256 696 1856 327520 13008 26448 0 87776 56 328376 296984 279416 252912 0 0
5367 48 7 320544 1320 696 3280 313728 13112 61360 0 39016 36536 304392 295840 311680 0 0
5378 48 8 40976 356376 1920 984 1952 343832 50384 84072 0 63856 40648 39912 42400 0 0
5389 48 9 70264 38816 311272 1488 568 744 307008 45536 104 0 285624 270184 259880 0 0
5400 49 0 0 116024 58016 408912 4000 824 1240 306552 39456 40 152512 291272 274296 292064 0
5411 49 1 127528 0 87968 66344 387960 4112 992 3256 309360 37608 163096 242024 272504 245288 0
5422 49 2 54648 63080 0 61688 33624 290368 2432 480 1280 1288 189568 261728 255496 156512 0
5433 49 3 405168 50496 71104 0 120792 43840 308664 2896 832 232 239568 248408 229632 180088 0
5444 49 4 2032 344720 36592 112416 0 88552 49176 305688 3432 240 317240 272008 297080 105952 0
5455 49 5 672 3336 302800 36448 99048 0 61888 43840 337424 888 297688 274328 258528 0 0
5466 49 6 2200 760 1504 208280 39272 43824 0 53192 39160 36992 288744 287368 258760 0 0
5477 49 7 298256 2032 992 3192 301408 54336 42816 0 74432 32 288040 275600 277160 0 0
5488 49 8 50192 291256 3664 1016 2856 302384 40288 80456 0 36064 309328 292000 295528 0 0
5499 49 9 69264 51504 300112 2488 1040 1720 325504 45896 88968 0 35688 36464 41688 0 0
5510 50 0 0 130160 66080 453144 3576 944 2376 316032 51544 62368 139504 273240 256984 270304 0
5521 50 1 83104 0 113864 67704 380616 2336 1264 4584 276168 46704 179776 291736 280008 250528 0
5532 50 2 56864 56824 0 87392 10592 325832 3600 792 1864 272000 169904 292968 244560 159336 0
5543 50 3 381088 66160 42496 0 129048 3512 285608 3024 672 1360 297552 298840 272032 192336 0
5554 50 4 2344 357000 45384 107616 0 104016 37432 292016 4120 736 283896 275272 293280 93840 0
5565 50 5 632 3384 285160 42880 100856 0 65384 42720 304768 1136 297856 292224 282440 0 0
5576 50 6 1200 1184 2200 295976 5872 75952 0 61192 40848 316304 308488 289952 269088 0 0
5587 50 7 301016 1984 920 2552 310384 17248 95896 0 52744 46640 283704 304448 278920 0 0
5598 50 8 45240 334568 1912 872 2824 340768 53176 94192 0 66400 292120 277920 254376 0 0
5609 50 9 69640 50128 308944 2984 1072 2288 323440 50760 92584 0 295896 265136 252968 0 0